,Episode,Average Reward,Fail Rate
0,0,9.29,1.0
1,1,9.35,1.0
2,2,9.47,1.0
3,3,9.27,1.0
4,4,9.36,1.0
5,5,9.3,1.0
6,6,9.37,1.0
7,7,9.39,1.0
8,8,9.38,1.0
9,9,9.36,1.0
10,10,9.2,1.0
11,11,9.46,1.0
12,12,9.29,1.0
13,13,9.27,1.0
14,14,9.6,1.0
15,15,9.44,1.0
16,16,9.34,1.0
17,17,9.22,1.0
18,18,9.28,1.0
19,19,9.37,1.0
20,20,9.41,1.0
21,21,9.48,1.0
22,22,9.24,1.0
23,23,9.31,1.0
24,24,9.2,1.0
25,25,9.41,1.0
26,26,9.29,1.0
27,27,9.33,1.0
28,28,9.43,1.0
29,29,9.44,1.0
30,30,9.38,1.0
31,31,9.34,1.0
32,32,9.48,1.0
33,33,9.43,1.0
34,34,9.25,1.0
35,35,9.51,1.0
36,36,9.35,1.0
37,37,9.31,1.0
38,38,9.3,1.0
39,39,9.33,1.0
40,40,9.37,1.0
41,41,9.4,1.0
42,42,9.33,1.0
43,43,9.32,1.0
44,44,9.34,1.0
45,45,9.26,1.0
46,46,9.4,1.0
47,47,9.41,1.0
48,48,9.37,1.0
49,49,9.4,1.0
50,50,9.4,1.0
51,51,9.31,1.0
52,52,9.4,1.0
53,53,9.24,1.0
54,54,9.38,1.0
55,55,9.42,1.0
56,56,9.4,1.0
57,57,9.39,1.0
58,58,9.37,1.0
59,59,9.49,1.0
60,60,9.3,1.0
61,61,9.35,1.0
62,62,9.57,1.0
63,63,9.4,1.0
64,64,9.4,1.0
65,65,9.34,1.0
66,66,9.39,1.0
67,67,9.37,1.0
68,68,9.31,1.0
69,69,9.32,1.0
70,70,9.31,1.0
71,71,9.34,1.0
72,72,9.33,1.0
73,73,9.36,1.0
74,74,9.33,1.0
75,75,9.36,1.0
76,76,9.42,1.0
77,77,9.35,1.0
78,78,9.41,1.0
79,79,9.27,1.0
80,80,9.39,1.0
81,81,9.47,1.0
82,82,9.34,1.0
83,83,9.19,1.0
84,84,9.53,1.0
85,85,9.39,1.0
86,86,9.49,1.0
87,87,9.45,1.0
88,88,9.66,1.0
89,89,9.57,1.0
90,90,9.67,1.0
91,91,9.66,1.0
92,92,9.75,1.0
93,93,9.98,1.0
94,94,10.03,1.0
95,95,9.94,1.0
96,96,10.23,1.0
97,97,10.33,1.0
98,98,10.33,1.0
99,99,10.49,1.0
100,100,10.61,1.0
101,101,10.47,1.0
102,102,10.69,1.0
103,103,10.82,1.0
104,104,11.11,1.0
105,105,11.12,1.0
106,106,11.43,1.0
107,107,11.13,1.0
108,108,11.15,1.0
109,109,11.12,1.0
110,110,11.3,1.0
111,111,11.11,1.0
112,112,11.44,1.0
113,113,11.45,1.0
114,114,11.55,1.0
115,115,12.05,1.0
116,116,12.07,1.0
117,117,12.02,1.0
118,118,11.89,1.0
119,119,12.11,1.0
120,120,12.35,1.0
121,121,12.03,1.0
122,122,12.28,1.0
123,123,12.13,1.0
124,124,12.13,1.0
125,125,12.16,1.0
126,126,12.35,1.0
127,127,12.23,1.0
128,128,12.6,1.0
129,129,12.46,1.0
130,130,12.32,1.0
131,131,12.86,1.0
132,132,12.81,1.0
133,133,13.15,1.0
134,134,13.01,1.0
135,135,12.6,1.0
136,136,12.87,1.0
137,137,12.9,1.0
138,138,13.05,1.0
139,139,12.75,1.0
140,140,12.77,1.0
141,141,13.55,1.0
142,142,13.63,1.0
143,143,13.21,1.0
144,144,13.22,1.0
145,145,13.22,1.0
146,146,13.19,1.0
147,147,13.27,1.0
148,148,13.17,1.0
149,149,12.96,1.0
150,150,13.68,1.0
151,151,13.46,1.0
152,152,13.7,1.0
153,153,13.58,1.0
154,154,13.79,1.0
155,155,15.38,1.0
156,156,14.53,1.0
157,157,14.11,1.0
158,158,14.58,1.0
159,159,14.43,1.0
160,160,15.25,1.0
161,161,15.06,1.0
162,162,15.28,1.0
163,163,14.98,1.0
164,164,15.29,1.0
165,165,14.99,1.0
166,166,15.2,1.0
167,167,15.48,1.0
168,168,16.18,1.0
169,169,16.3,1.0
170,170,16.01,1.0
171,171,15.81,1.0
172,172,16.01,1.0
173,173,15.98,1.0
174,174,16.07,1.0
175,175,16.0,1.0
176,176,16.09,1.0
177,177,16.91,1.0
178,178,17.16,1.0
179,179,16.92,1.0
180,180,16.88,1.0
181,181,18.35,1.0
182,182,20.99,1.0
183,183,22.47,1.0
184,184,22.47,1.0
185,185,22.66,1.0
186,186,20.13,1.0
187,187,20.39,1.0
188,188,20.36,1.0
189,189,20.26,1.0
190,190,21.82,1.0
191,191,21.93,1.0
192,192,21.34,1.0
193,193,20.07,1.0
194,194,18.0,1.0
195,195,19.12,1.0
196,196,9.32,1.0
197,197,9.37,1.0
198,198,9.51,1.0
199,199,9.34,1.0
200,200,9.42,1.0
201,201,9.44,1.0
202,202,9.33,1.0
203,203,9.43,1.0
204,204,9.54,1.0
205,205,9.81,1.0
206,206,9.86,1.0
207,207,9.7,1.0
208,208,9.96,1.0
209,209,9.95,1.0
210,210,10.16,1.0
211,211,9.42,1.0
212,212,9.51,1.0
213,213,9.53,1.0
214,214,9.53,1.0
215,215,9.96,1.0
216,216,10.8,1.0
217,217,10.94,1.0
218,218,10.8,1.0
219,219,11.93,1.0
220,220,10.96,1.0
221,221,10.86,1.0
222,222,10.98,1.0
223,223,11.0,1.0
224,224,11.14,1.0
225,225,11.07,1.0
226,226,10.84,1.0
227,227,12.16,1.0
228,228,12.05,1.0
229,229,10.92,1.0
230,230,11.8,1.0
231,231,11.53,1.0
232,232,10.95,1.0
233,233,10.69,1.0
234,234,10.75,1.0
235,235,10.52,1.0
236,236,10.88,1.0
237,237,10.64,1.0
238,238,10.16,1.0
239,239,10.35,1.0
240,240,10.28,1.0
241,241,10.44,1.0
242,242,10.7,1.0
243,243,10.42,1.0
244,244,10.58,1.0
245,245,10.68,1.0
246,246,10.61,1.0
247,247,10.78,1.0
248,248,10.37,1.0
249,249,10.24,1.0
250,250,10.57,1.0
251,251,10.52,1.0
252,252,10.58,1.0
253,253,10.92,1.0
254,254,10.86,1.0
255,255,10.96,1.0
256,256,10.99,1.0
257,257,11.17,1.0
258,258,11.29,1.0
259,259,12.22,1.0
260,260,11.59,1.0
261,261,11.09,1.0
262,262,10.86,1.0
263,263,10.35,1.0
264,264,10.75,1.0
265,265,10.91,1.0
266,266,10.81,1.0
267,267,10.97,1.0
268,268,11.12,1.0
269,269,11.06,1.0
270,270,11.19,1.0
271,271,11.53,1.0
272,272,10.95,1.0
273,273,11.05,1.0
274,274,10.77,1.0
275,275,10.87,1.0
276,276,10.46,1.0
277,277,10.0,1.0
278,278,11.2,1.0
279,279,11.21,1.0
280,280,11.54,1.0
281,281,11.5,1.0
282,282,11.69,1.0
283,283,12.17,1.0
284,284,12.12,1.0
285,285,11.93,1.0
286,286,11.69,1.0
287,287,11.58,1.0
288,288,11.7,1.0
289,289,11.87,1.0
290,290,11.76,1.0
291,291,11.4,1.0
292,292,11.42,1.0
293,293,11.34,1.0
294,294,11.55,1.0
295,295,12.29,1.0
296,296,14.24,1.0
297,297,13.92,1.0
298,298,12.63,1.0
299,299,13.3,1.0
300,300,13.72,1.0
301,301,13.07,1.0
302,302,11.58,1.0
303,303,11.75,1.0
304,304,11.27,1.0
305,305,10.79,1.0
306,306,10.8,1.0
307,307,10.76,1.0
308,308,10.77,1.0
309,309,10.71,1.0
310,310,10.74,1.0
311,311,11.25,1.0
312,312,11.58,1.0
313,313,12.3,1.0
314,314,12.4,1.0
315,315,13.53,1.0
316,316,13.52,1.0
317,317,12.83,1.0
318,318,13.05,1.0
319,319,12.68,1.0
320,320,12.52,1.0
321,321,12.95,1.0
322,322,13.43,1.0
323,323,13.83,1.0
324,324,13.8,1.0
325,325,13.73,1.0
326,326,14.51,1.0
327,327,15.44,1.0
328,328,14.61,1.0
329,329,14.56,1.0
330,330,14.16,1.0
331,331,13.83,1.0
332,332,15.64,1.0
333,333,16.57,1.0
334,334,16.14,1.0
335,335,14.47,1.0
336,336,14.41,1.0
337,337,13.77,1.0
338,338,13.29,1.0
339,339,13.15,1.0
340,340,13.52,1.0
341,341,13.38,1.0
342,342,13.3,1.0
343,343,13.45,1.0
344,344,13.67,1.0
345,345,13.38,1.0
346,346,13.49,1.0
347,347,13.42,1.0
348,348,13.48,1.0
349,349,14.81,1.0
350,350,14.75,1.0
351,351,16.79,1.0
352,352,16.14,1.0
353,353,16.81,1.0
354,354,16.72,1.0
355,355,17.06,1.0
356,356,16.35,1.0
357,357,15.99,1.0
358,358,15.67,1.0
359,359,16.03,1.0
360,360,16.15,1.0
361,361,16.51,1.0
362,362,16.4,1.0
363,363,16.46,1.0
364,364,15.64,1.0
365,365,15.18,1.0
366,366,14.93,1.0
367,367,15.04,1.0
368,368,16.06,1.0
369,369,15.89,1.0
370,370,16.29,1.0
371,371,19.09,1.0
372,372,19.05,1.0
373,373,19.52,1.0
374,374,19.78,1.0
375,375,20.42,1.0
376,376,19.75,1.0
377,377,17.03,1.0
378,378,17.13,1.0
379,379,16.45,1.0
380,380,16.86,1.0
381,381,18.16,1.0
382,382,20.03,1.0
383,383,19.46,1.0
384,384,18.34,1.0
385,385,17.01,1.0
386,386,17.17,1.0
387,387,17.57,1.0
388,388,17.78,1.0
389,389,16.63,1.0
390,390,17.64,1.0
391,391,21.12,1.0
392,392,21.51,1.0
393,393,23.86,1.0
394,394,22.19,1.0
395,395,21.64,1.0
396,396,21.18,1.0
397,397,21.26,1.0
398,398,21.11,1.0
399,399,19.99,1.0
400,400,20.57,1.0
401,401,20.4,1.0
402,402,20.25,1.0
403,403,18.45,1.0
404,404,18.03,1.0
405,405,20.85,1.0
406,406,23.86,1.0
407,407,24.57,1.0
408,408,24.57,1.0
409,409,25.71,1.0
410,410,46.52,1.0
411,411,55.54,1.0
412,412,54.49,1.0
413,413,30.74,1.0
414,414,19.41,1.0
415,415,19.49,1.0
416,416,18.95,1.0
417,417,18.2,1.0
418,418,20.9,1.0
419,419,25.29,1.0
420,420,25.8,1.0
421,421,25.36,1.0
422,422,23.15,1.0
423,423,22.86,1.0
424,424,22.6,1.0
425,425,21.64,1.0
426,426,21.43,1.0
427,427,22.53,1.0
428,428,22.37,1.0
429,429,22.47,1.0
430,430,22.11,1.0
431,431,22.58,1.0
432,432,24.9,1.0
433,433,24.53,1.0
434,434,23.8,1.0
435,435,22.48,1.0
436,436,23.22,1.0
437,437,27.96,1.0
438,438,29.58,1.0
439,439,35.1,1.0
440,440,42.31,1.0
441,441,32.38,1.0
442,442,29.12,1.0
443,443,36.93,1.0
444,444,37.46,1.0
445,445,36.81,1.0
446,446,34.77,1.0
447,447,33.88,1.0
448,448,40.45,1.0
449,449,69.68,1.0
450,450,62.59,1.0
451,451,42.91,1.0
452,452,49.09,1.0
453,453,54.33,1.0
454,454,62.82,1.0
455,455,49.54,1.0
456,456,70.08,1.0
457,457,36.79,1.0
458,458,26.75,1.0
459,459,58.67,1.0
460,460,29.29,1.0
461,461,25.53,1.0
462,462,25.39,1.0
463,463,27.99,1.0
464,464,84.36,1.0
465,465,83.35,1.0
466,466,81.51,1.0
467,467,78.31,1.0
468,468,67.73,1.0
469,469,58.84,1.0
470,470,66.34,1.0
471,471,27.71,1.0
472,472,31.87,1.0
473,473,34.26,1.0
474,474,32.13,1.0
475,475,31.36,1.0
476,476,33.14,1.0
477,477,136.12,1.0
478,478,104.06,1.0
479,479,86.65,1.0
480,480,82.58,1.0
481,481,82.81,1.0
482,482,78.8,1.0
483,483,76.44,1.0
484,484,32.22,1.0
485,485,29.82,1.0
486,486,31.79,1.0
487,487,34.46,1.0
488,488,34.88,1.0
489,489,47.58,1.0
490,490,44.15,1.0
491,491,48.51,1.0
492,492,62.21,1.0
493,493,62.55,1.0
494,494,88.25,1.0
495,495,86.12,1.0
496,496,85.49,1.0
497,497,87.05,1.0
498,498,87.35,1.0
499,499,86.94,1.0
500,500,86.95,1.0
501,501,149.55,1.0
502,502,166.98,1.0
503,503,166.52,0.87
504,504,231.27,0.74
505,505,105.46,0.97
506,506,92.59,1.0
507,507,64.61,1.0
508,508,89.57,1.0
509,509,304.58,0.49
510,510,332.17,0.42
511,511,284.25,0.54
512,512,292.53,0.52
513,513,376.61,0.31
514,514,399.25,0.26
515,515,397.37,0.26
516,516,496.07,0.01
517,517,476.44,0.06
518,518,496.08,0.01
519,519,496.1,0.01
520,520,472.55,0.07
521,521,492.17,0.02
522,522,492.19,0.02
523,523,199.66,0.75
524,524,208.79,0.73
525,525,373.04,0.32
526,526,318.16,0.46
527,527,500.0,0.0
528,528,500.0,0.0
529,529,500.0,0.0
530,530,500.0,0.0
531,531,500.0,0.0
