,Episode,Time Step,Average Reward,Episode Reward
0,0,5,9.39,5.0
1,1,11,9.28,6.0
2,2,40,9.42,29.0
3,3,59,9.44,19.0
4,4,60,9.42,1.0
5,5,81,9.34,21.0
6,6,109,9.41,28.0
7,7,126,9.33,17.0
8,8,150,9.34,24.0
9,9,169,9.52,19.0
10,10,180,9.38,11.0
11,11,182,9.29,2.0
12,12,206,9.31,24.0
13,13,207,9.44,1.0
14,14,223,9.29,16.0
15,15,232,9.35,9.0
16,16,253,9.53,21.0
17,17,254,9.32,1.0
18,18,281,9.42,27.0
19,19,298,9.47,17.0
20,20,315,9.51,17.0
21,21,324,9.45,9.0
22,22,351,9.48,27.0
23,23,374,9.7,23.0
24,24,398,9.87,24.0
25,25,406,9.96,8.0
26,26,473,10.46,67.0
27,27,475,10.5,2.0
28,28,503,10.59,28.0
29,29,520,10.85,17.0
30,30,533,11.05,13.0
31,31,540,10.97,7.0
32,32,561,11.19,21.0
33,33,567,11.19,6.0
34,34,577,11.48,10.0
35,35,611,10.92,34.0
36,36,624,11.22,13.0
37,37,662,11.0,38.0
38,38,679,10.76,17.0
39,39,681,10.69,2.0
40,40,698,11.03,17.0
41,41,701,10.97,3.0
42,42,724,11.02,23.0
43,43,760,10.85,36.0
44,44,805,10.95,45.0
45,45,830,11.09,25.0
46,46,841,11.2,11.0
47,47,842,11.02,1.0
48,48,898,11.23,56.0
49,49,927,11.69,29.0
50,50,945,11.95,18.0
51,51,960,11.95,15.0
52,52,970,11.93,10.0
53,53,980,11.78,10.0
54,54,994,12.21,14.0
55,55,1016,12.4,22.0
56,56,1033,12.02,17.0
57,57,1075,12.2,42.0
58,58,1092,12.34,17.0
59,59,1093,12.3,1.0
60,60,1094,12.28,1.0
61,61,1106,12.32,12.0
62,62,1151,12.06,45.0
63,63,1160,11.65,9.0
64,64,1176,11.91,16.0
65,65,1202,11.79,26.0
66,66,1212,11.8,10.0
67,67,1213,11.91,1.0
68,68,1233,11.88,20.0
69,69,1234,11.64,1.0
70,70,1241,11.91,7.0
71,71,1246,12.01,5.0
72,72,1259,11.97,13.0
73,73,1274,11.72,15.0
74,74,1275,11.79,1.0
75,75,1280,12.06,5.0
76,76,1288,12.01,8.0
77,77,1306,12.31,18.0
78,78,1321,11.8,15.0
79,79,1329,11.88,8.0
80,80,1374,11.59,45.0
81,81,1375,11.75,1.0
82,82,1378,11.7,3.0
83,83,1391,11.61,13.0
84,84,1401,11.99,10.0
85,85,1423,11.79,22.0
86,86,1463,11.58,40.0
87,87,1464,11.51,1.0
88,88,1469,11.67,5.0
89,89,1489,11.42,20.0
90,90,1503,11.57,14.0
91,91,1504,11.63,1.0
92,92,1526,11.77,22.0
93,93,1535,11.34,9.0
94,94,1603,11.63,68.0
95,95,1628,11.51,25.0
96,96,1638,11.51,10.0
97,97,1672,11.52,34.0
98,98,1694,11.38,22.0
99,99,1695,11.35,1.0
100,100,1701,11.07,6.0
101,101,1714,10.94,13.0
102,102,1726,11.49,12.0
103,103,1747,10.91,21.0
104,104,1760,10.7,13.0
105,105,1774,10.75,14.0
106,106,1785,10.62,11.0
107,107,1816,10.66,31.0
108,108,1835,10.27,19.0
109,109,1846,10.49,11.0
110,110,1866,10.55,20.0
111,111,1880,10.4,14.0
112,112,1899,10.3,19.0
113,113,1916,10.69,17.0
114,114,1926,10.8,10.0
115,115,1932,10.52,6.0
116,116,1963,10.41,31.0
117,117,1977,10.64,14.0
118,118,1982,10.64,5.0
119,119,1996,10.35,14.0
120,120,1998,10.26,2.0
121,121,2009,10.39,11.0
122,122,2043,10.21,34.0
123,123,2068,10.36,25.0
124,124,2081,10.44,13.0
125,125,2090,10.27,9.0
126,126,2098,10.13,8.0
127,127,2110,10.08,12.0
128,128,2112,10.14,2.0
129,129,2113,10.14,1.0
130,130,2120,10.28,7.0
131,131,2138,9.66,18.0
132,132,2144,9.74,6.0
133,133,2169,9.43,25.0
134,134,2180,9.46,11.0
135,135,2181,9.55,1.0
136,136,2210,9.6,29.0
137,137,2220,9.52,10.0
138,138,2238,9.35,18.0
139,139,2257,9.31,19.0
140,140,2258,9.45,1.0
141,141,2270,9.4,12.0
142,142,2273,9.38,3.0
143,143,2274,9.34,1.0
144,144,2313,9.38,39.0
145,145,2351,9.44,38.0
146,146,2366,9.27,15.0
147,147,2376,9.39,10.0
148,148,2381,9.33,5.0
149,149,2395,9.27,14.0
150,150,2396,9.38,1.0
151,151,2410,9.25,14.0
152,152,2416,9.39,6.0
153,153,2420,9.38,4.0
154,154,2434,9.46,14.0
155,155,2438,9.43,4.0
156,156,2443,9.37,5.0
157,157,2454,9.44,11.0
158,158,2467,9.35,13.0
159,159,2485,9.42,18.0
160,160,2486,9.39,1.0
161,161,2487,9.34,1.0
162,162,2488,9.38,1.0
163,163,2495,9.37,7.0
164,164,2539,9.48,44.0
165,165,2555,9.3,16.0
166,166,2586,9.41,31.0
167,167,2587,9.4,1.0
168,168,2594,9.29,7.0
169,169,2595,9.47,1.0
170,170,2597,9.4,2.0
171,171,2624,9.29,27.0
172,172,2628,9.24,4.0
173,173,2632,9.36,4.0
174,174,2676,9.39,44.0
175,175,2692,9.27,16.0
176,176,2727,9.47,35.0
177,177,2736,9.3,9.0
178,178,2737,9.32,1.0
179,179,2783,9.29,46.0
180,180,2806,9.29,23.0
181,181,2809,9.41,3.0
182,182,2813,9.22,4.0
183,183,2836,9.34,23.0
184,184,2841,9.37,5.0
185,185,2861,9.52,20.0
186,186,2870,9.41,9.0
187,187,2885,9.38,15.0
188,188,2897,9.3,12.0
189,189,2937,9.29,40.0
190,190,2952,9.26,15.0
191,191,2963,9.5,11.0
192,192,2973,9.32,10.0
193,193,3010,9.39,37.0
194,194,3027,9.31,17.0
195,195,3035,9.38,8.0
196,196,3044,9.42,9.0
197,197,3052,9.5,8.0
198,198,3099,9.42,47.0
199,199,3112,9.34,13.0
200,200,3126,9.41,14.0
201,201,3141,9.42,15.0
202,202,3147,9.42,6.0
203,203,3166,9.24,19.0
204,204,3222,9.26,56.0
205,205,3249,9.22,27.0
206,206,3258,9.31,9.0
207,207,3289,9.42,31.0
208,208,3296,9.28,7.0
209,209,3297,9.36,1.0
210,210,3311,9.31,14.0
211,211,3330,9.4,19.0
212,212,3354,9.28,24.0
213,213,3360,9.32,6.0
214,214,3371,9.3,11.0
215,215,3374,9.27,3.0
216,216,3375,9.22,1.0
217,217,3390,9.48,15.0
218,218,3429,9.4,39.0
219,219,3440,9.39,11.0
220,220,3454,9.46,14.0
221,221,3463,9.27,9.0
222,222,3476,9.4,13.0
223,223,3477,9.36,1.0
224,224,3492,11.44,15.0
225,225,3510,14.17,18.0
226,226,3520,15.32,10.0
227,227,3521,12.94,1.0
228,228,3528,15.48,7.0
229,229,3531,11.16,3.0
230,230,3554,9.41,23.0
231,231,3558,9.39,4.0
232,232,3567,9.41,9.0
233,233,3568,9.46,1.0
234,234,3575,9.37,7.0
235,235,3584,9.44,9.0
236,236,3601,9.41,17.0
237,237,3628,9.41,27.0
238,238,3643,9.5,15.0
239,239,3676,9.47,33.0
240,240,3677,9.26,1.0
241,241,3702,9.31,25.0
242,242,3703,9.4,1.0
243,243,3717,9.35,14.0
244,244,3736,9.26,19.0
245,245,3762,9.39,26.0
246,246,3768,9.29,6.0
247,247,3785,9.35,17.0
248,248,3810,9.41,25.0
249,249,3814,9.35,4.0
250,250,3833,9.42,19.0
251,251,3863,9.26,30.0
252,252,3864,9.47,1.0
253,253,3865,9.3,1.0
254,254,3902,9.3,37.0
255,255,3903,9.39,1.0
256,256,3916,9.31,13.0
257,257,3925,9.23,9.0
258,258,3929,9.4,4.0
259,259,3930,9.4,1.0
260,260,3935,9.34,5.0
261,261,3936,9.25,1.0
262,262,3956,9.39,20.0
263,263,3970,9.4,14.0
264,264,3971,9.42,1.0
265,265,3979,13.87,8.0
266,266,3991,11.57,12.0
267,267,3992,13.9,1.0
268,268,3993,13.36,1.0
269,269,3997,12.23,4.0
270,270,4013,9.44,16.0
271,271,4026,9.23,13.0
272,272,4056,9.38,30.0
273,273,4059,9.35,3.0
274,274,4074,9.25,15.0
275,275,4083,9.37,9.0
276,276,4084,9.33,1.0
277,277,4106,9.38,22.0
278,278,4133,13.86,27.0
279,279,4168,11.98,35.0
280,280,4220,11.57,52.0
281,281,4236,22.92,16.0
282,282,4251,32.12,15.0
283,283,4252,38.53,1.0
284,284,4280,12.51,28.0
285,285,4304,9.49,24.0
286,286,4307,12.64,3.0
287,287,4321,35.61,14.0
288,288,4322,33.15,1.0
289,289,4324,28.55,2.0
290,290,4351,35.28,27.0
291,291,4361,37.01,10.0
292,292,4371,17.26,10.0
293,293,4374,12.4,3.0
294,294,4411,9.4,37.0
295,295,4434,9.39,23.0
296,296,4455,9.29,21.0
297,297,4456,9.38,1.0
298,298,4462,9.31,6.0
299,299,4469,9.41,7.0
300,300,4470,9.29,1.0
301,301,4504,9.35,34.0
302,302,4521,9.17,17.0
303,303,4537,9.48,16.0
304,304,4558,14.82,21.0
305,305,4587,39.7,29.0
306,306,4588,39.65,1.0
307,307,4589,39.79,1.0
308,308,4590,41.64,1.0
309,309,4598,38.37,8.0
310,310,4606,37.68,8.0
311,311,4607,36.94,1.0
312,312,4618,22.12,11.0
313,313,4624,14.18,6.0
314,314,4668,11.37,44.0
315,315,4683,31.86,15.0
316,316,4716,20.8,33.0
317,317,4718,21.73,2.0
318,318,4741,13.27,23.0
319,319,4742,13.02,1.0
320,320,4743,12.48,1.0
321,321,4744,11.38,1.0
322,322,4749,14.79,5.0
323,323,4782,29.84,33.0
324,324,4791,34.75,9.0
325,325,4792,34.23,1.0
326,326,4808,35.57,16.0
327,327,4851,9.22,43.0
328,328,4857,9.43,6.0
329,329,4861,9.48,4.0
330,330,4871,14.92,10.0
331,331,4879,14.59,8.0
332,332,4888,11.95,9.0
333,333,4908,39.65,20.0
334,334,4924,38.05,16.0
335,335,4933,40.86,9.0
336,336,4944,43.11,11.0
337,337,4962,43.04,18.0
338,338,4963,43.07,1.0
339,339,4964,43.19,1.0
340,340,4965,44.82,1.0
341,341,4990,13.03,25.0
342,342,4998,10.51,8.0
343,343,5014,9.32,16.0
344,344,5020,9.63,6.0
345,345,5066,9.26,46.0
346,346,5070,9.44,4.0
347,347,5077,9.92,7.0
348,348,5119,18.33,42.0
349,349,5140,35.06,21.0
350,350,5160,44.81,20.0
351,351,5182,48.06,22.0
352,352,5203,42.66,21.0
353,353,5221,45.09,18.0
354,354,5238,60.5,17.0
355,355,5249,55.15,11.0
356,356,5266,54.76,17.0
357,357,5282,43.31,16.0
358,358,5329,69.61,47.0
359,359,5340,71.73,11.0
360,360,5347,62.36,7.0
361,361,5378,47.29,31.0
362,362,5400,49.72,22.0
363,363,5457,43.34,57.0
364,364,5472,37.53,15.0
365,365,5473,36.35,1.0
366,366,5474,32.33,1.0
367,367,5515,45.13,41.0
368,368,5587,33.05,72.0
369,369,5594,51.35,7.0
370,370,5626,54.09,32.0
371,371,5698,113.6,72.0
372,372,5700,106.88,2.0
373,373,5709,45.74,9.0
374,374,5714,108.11,5.0
375,375,5738,79.94,24.0
376,376,5750,112.26,12.0
377,377,5828,77.77,78.0
378,378,5840,76.96,12.0
379,379,5910,122.83,70.0
380,380,5941,72.61,31.0
381,381,5998,46.3,57.0
382,382,6087,96.8,89.0
383,383,6118,65.86,31.0
384,384,6120,68.18,2.0
385,385,6194,105.54,74.0
386,386,6266,106.31,72.0
387,387,6285,110.74,19.0
388,388,6286,104.6,1.0
389,389,6312,94.28,26.0
390,390,6320,75.0,8.0
391,391,6325,73.3,5.0
392,392,6340,30.11,15.0
393,393,6375,26.93,35.0
394,394,6419,85.19,44.0
395,395,6425,90.78,6.0
396,396,6426,85.93,1.0
397,397,6427,93.57,1.0
398,398,6442,85.79,15.0
399,399,6535,44.35,93.0
400,400,6542,43.19,7.0
401,401,6545,44.43,3.0
402,402,6546,43.17,1.0
403,403,6563,38.31,17.0
404,404,6568,36.89,5.0
405,405,6575,53.23,7.0
406,406,6605,84.04,30.0
407,407,6634,129.29,29.0
408,408,6690,158.87,56.0
409,409,6695,145.63,5.0
410,410,6704,129.49,9.0
411,411,6714,103.31,10.0
412,412,6730,178.03,16.0
413,413,6735,140.8,5.0
414,414,6758,87.29,23.0
415,415,6803,94.19,45.0
416,416,6825,140.67,22.0
417,417,6866,176.33,41.0
418,418,6897,108.91,31.0
419,419,6969,28.44,72.0
420,420,6984,27.39,15.0
421,421,7045,35.65,61.0
422,422,7061,75.17,16.0
423,423,7102,62.51,41.0
424,424,7106,49.87,4.0
425,425,7116,36.23,10.0
426,426,7173,46.86,57.0
427,427,7175,54.83,2.0
428,428,7186,54.9,11.0
429,429,7216,25.83,30.0
430,430,7228,29.08,12.0
431,431,7275,44.16,47.0
432,432,7285,51.17,10.0
433,433,7303,39.13,18.0
434,434,7320,38.17,17.0
435,435,7330,42.43,10.0
436,436,7331,41.29,1.0
437,437,7357,144.62,26.0
438,438,7375,146.16,18.0
439,439,7462,41.17,87.0
440,440,7473,38.02,11.0
441,441,7474,37.7,1.0
442,442,7532,33.92,58.0
443,443,7570,32.47,38.0
444,444,7578,29.18,8.0
445,445,7583,28.35,5.0
446,446,7616,29.04,33.0
447,447,7642,129.9,26.0
448,448,7673,157.11,31.0
449,449,7695,161.27,22.0
450,450,7749,254.74,54.0
451,451,7770,254.2,21.0
452,452,7784,240.28,14.0
453,453,7806,80.33,22.0
454,454,7829,76.94,23.0
455,455,7854,37.96,25.0
456,456,7891,34.58,37.0
457,457,7897,37.52,6.0
458,458,7919,43.1,22.0
459,459,7977,92.63,58.0
460,460,7997,39.85,20.0
461,461,8038,46.71,41.0
462,462,8047,46.69,9.0
463,463,8118,42.08,71.0
464,464,8146,37.27,28.0
465,465,8164,37.89,18.0
466,466,8165,38.68,1.0
467,467,8193,64.81,28.0
468,468,8238,41.32,45.0
469,469,8261,44.4,23.0
470,470,8262,41.86,1.0
471,471,8285,39.22,23.0
472,472,8352,32.12,67.0
473,473,8353,33.02,1.0
474,474,8395,27.57,42.0
475,475,8421,28.41,26.0
476,476,8442,32.21,21.0
477,477,8453,33.67,11.0
478,478,8484,38.1,31.0
479,479,8504,38.56,20.0
480,480,8516,33.27,12.0
481,481,8598,145.13,82.0
482,482,8614,144.04,16.0
483,483,8637,61.79,23.0
484,484,8638,56.58,1.0
485,485,8639,60.86,1.0
486,486,8660,59.68,21.0
487,487,8669,60.78,9.0
488,488,8697,50.62,28.0
489,489,8730,52.19,33.0
490,490,8736,55.34,6.0
491,491,8778,58.31,42.0
492,492,8779,55.0,1.0
493,493,8859,156.25,80.0
494,494,8860,159.03,1.0
495,495,8971,150.68,111.0
496,496,8979,148.31,8.0
497,497,9003,135.03,24.0
498,498,9012,139.46,9.0
499,499,9020,152.44,8.0
500,500,9040,75.68,20.0
501,501,9082,64.34,42.0
502,502,9083,78.46,1.0
503,503,9150,38.17,67.0
504,504,9165,36.91,15.0
505,505,9179,35.02,14.0
506,506,9194,33.82,15.0
507,507,9195,34.49,1.0
508,508,9209,30.94,14.0
509,509,9219,29.82,10.0
510,510,9253,32.52,34.0
511,511,9274,30.36,21.0
512,512,9294,28.94,20.0
513,513,9311,29.05,17.0
514,514,9353,36.29,42.0
515,515,9415,53.37,62.0
516,516,9480,74.88,65.0
517,517,9550,60.77,70.0
518,518,9579,57.01,29.0
519,519,9630,115.29,51.0
520,520,9659,55.28,29.0
521,521,9683,120.41,24.0
522,522,9727,141.24,44.0
523,523,9772,138.69,45.0
524,524,9773,137.74,1.0
525,525,9774,136.66,1.0
526,526,9807,180.07,33.0
527,527,9825,139.4,18.0
528,528,9846,135.09,21.0
529,529,9987,80.83,141.0
530,530,10023,40.08,36.0
531,531,10060,50.57,37.0
532,532,10061,50.29,1.0
533,533,10102,64.51,41.0
534,534,10244,118.54,142.0
535,535,10256,115.75,12.0
536,536,10301,48.8,45.0
537,537,10314,47.45,13.0
538,538,10320,49.89,6.0
539,539,10344,50.86,24.0
540,540,10530,128.78,186.0
541,541,10566,146.64,36.0
542,542,10608,149.22,42.0
543,543,10662,215.53,54.0
544,544,10721,140.13,59.0
545,545,10777,240.36,56.0
546,546,10778,237.51,1.0
547,547,10796,217.45,18.0
548,548,10812,219.32,16.0
549,549,10823,234.26,11.0
550,550,10890,230.5,67.0
551,551,10891,226.47,1.0
552,552,10929,196.09,38.0
553,553,10969,164.47,40.0
554,554,11003,134.02,34.0
555,555,11114,77.08,111.0
556,556,11120,55.5,6.0
557,557,11227,130.86,107.0
558,558,11360,151.11,133.0
559,559,11482,110.35,122.0
560,560,11483,110.08,1.0
561,561,11579,130.29,96.0
562,562,11580,133.98,1.0
563,563,11602,142.95,22.0
564,564,11742,150.13,140.0
565,565,11759,137.96,17.0
566,566,11805,169.39,46.0
567,567,12034,284.71,229.0
568,568,12035,270.71,1.0
569,569,12055,232.01,20.0
570,570,12056,252.55,1.0
571,571,12076,455.72,20.0
572,572,12205,165.48,129.0
573,573,12236,384.75,31.0
574,574,12245,453.51,9.0
575,575,12411,301.85,166.0
576,576,12436,194.24,25.0
577,577,12534,493.33,98.0
578,578,12592,482.22,58.0
579,579,12600,440.36,8.0
580,580,12601,453.61,1.0
581,581,12731,230.21,130.0
582,582,12903,206.88,172.0
583,583,12904,219.11,1.0
584,584,13026,491.4,122.0
585,585,13141,499.39,115.0
586,586,13269,500.0,128.0
587,587,13311,500.0,42.0
588,588,13332,499.84,21.0
589,589,13616,500.0,284.0
590,590,13617,500.0,1.0
591,591,13797,500.0,180.0
592,592,13798,500.0,1.0
593,593,13799,500.0,1.0
