,Episode,Time Step,Average Reward,Episode Reward
0,0,30,14.88,30.0
1,1,32,14.45,2.0
2,2,59,14.61,27.0
3,3,65,15.12,6.0
4,4,76,14.52,11.0
5,5,96,15.6,20.0
6,6,97,14.8,1.0
7,7,134,15.27,37.0
8,8,152,14.77,18.0
9,9,171,15.3,19.0
10,10,181,15.15,10.0
11,11,182,15.33,1.0
12,12,194,15.11,12.0
13,13,213,15.48,19.0
14,14,249,15.48,36.0
15,15,265,15.11,16.0
16,16,283,14.96,18.0
17,17,290,15.02,7.0
18,18,291,15.33,1.0
19,19,302,14.99,11.0
20,20,333,15.61,31.0
21,21,338,15.38,5.0
22,22,382,14.76,44.0
23,23,385,15.07,3.0
24,24,418,14.76,33.0
25,25,433,14.34,15.0
26,26,434,14.47,1.0
27,27,435,14.31,1.0
28,28,451,12.54,16.0
29,29,462,10.31,11.0
30,30,463,10.3,1.0
31,31,478,9.3,15.0
32,32,514,9.39,36.0
33,33,525,9.45,11.0
34,34,535,9.42,10.0
35,35,542,9.46,7.0
36,36,562,9.37,20.0
37,37,574,9.48,12.0
38,38,592,9.21,18.0
39,39,602,9.37,10.0
40,40,612,9.34,10.0
41,41,620,9.32,8.0
42,42,636,9.41,16.0
43,43,640,9.36,4.0
44,44,641,9.3,1.0
45,45,669,9.33,28.0
46,46,674,9.42,5.0
47,47,730,9.39,56.0
48,48,744,9.24,14.0
49,49,755,9.44,11.0
50,50,774,9.5,19.0
51,51,776,9.28,2.0
52,52,795,9.21,19.0
53,53,798,9.39,3.0
54,54,802,9.3,4.0
55,55,803,9.46,1.0
56,56,804,9.35,1.0
57,57,820,9.4,16.0
58,58,821,9.27,1.0
59,59,832,9.38,11.0
60,60,853,9.47,21.0
61,61,858,9.32,5.0
62,62,872,9.41,14.0
63,63,891,9.27,19.0
64,64,905,9.37,14.0
65,65,909,9.3,4.0
66,66,958,9.41,49.0
67,67,966,9.33,8.0
68,68,990,9.36,24.0
69,69,1016,9.35,26.0
70,70,1023,9.32,7.0
71,71,1037,9.41,14.0
72,72,1059,9.32,22.0
73,73,1089,9.23,30.0
74,74,1090,9.39,1.0
75,75,1096,9.27,6.0
76,76,1113,9.27,17.0
77,77,1114,9.35,1.0
78,78,1125,9.34,11.0
79,79,1141,9.44,16.0
80,80,1154,9.41,13.0
81,81,1171,9.38,17.0
82,82,1185,9.43,14.0
83,83,1203,9.42,18.0
84,84,1210,9.34,7.0
85,85,1215,9.4,5.0
86,86,1228,9.35,13.0
87,87,1248,9.4,20.0
88,88,1249,9.29,1.0
89,89,1276,9.45,27.0
90,90,1292,9.51,16.0
91,91,1298,9.41,6.0
92,92,1324,9.17,26.0
93,93,1337,9.49,13.0
94,94,1338,9.31,1.0
95,95,1346,9.34,8.0
96,96,1356,9.45,10.0
97,97,1373,9.25,17.0
98,98,1395,9.32,22.0
99,99,1407,9.36,12.0
100,100,1417,9.36,10.0
101,101,1432,9.36,15.0
102,102,1452,9.34,20.0
103,103,1456,9.28,4.0
104,104,1475,9.38,19.0
105,105,1476,9.42,1.0
106,106,1500,9.26,24.0
107,107,1501,9.27,1.0
108,108,1509,9.4,8.0
109,109,1516,9.3,7.0
110,110,1517,9.28,1.0
111,111,1546,9.31,29.0
112,112,1547,9.34,1.0
113,113,1566,9.21,19.0
114,114,1576,9.28,10.0
115,115,1577,9.27,1.0
116,116,1590,9.31,13.0
117,117,1610,9.28,20.0
118,118,1623,9.26,13.0
119,119,1676,9.36,53.0
120,120,1697,9.31,21.0
121,121,1722,9.38,25.0
122,122,1723,9.41,1.0
123,123,1737,9.39,14.0
124,124,1747,9.38,10.0
125,125,1748,9.42,1.0
126,126,1761,9.31,13.0
127,127,1776,9.42,15.0
128,128,1792,9.33,16.0
129,129,1805,9.34,13.0
130,130,1822,9.33,17.0
131,131,1831,9.44,9.0
132,132,1843,9.39,12.0
133,133,1852,9.34,9.0
134,134,1858,9.32,6.0
135,135,1878,9.3,20.0
136,136,1879,9.33,1.0
137,137,1880,9.44,1.0
138,138,1889,9.34,9.0
139,139,1902,9.32,13.0
140,140,1923,9.53,21.0
141,141,1943,9.45,20.0
142,142,1955,9.38,12.0
143,143,1967,9.31,12.0
144,144,1993,9.46,26.0
145,145,1999,9.44,6.0
146,146,2011,9.38,12.0
147,147,2019,9.3,8.0
148,148,2025,9.38,6.0
149,149,2026,9.3,1.0
150,150,2034,9.41,8.0
151,151,2035,9.38,1.0
152,152,2055,9.35,20.0
153,153,2057,9.44,2.0
154,154,2072,9.38,15.0
155,155,2073,9.39,1.0
156,156,2087,9.45,14.0
157,157,2095,9.39,8.0
158,158,2114,9.42,19.0
159,159,2120,9.53,6.0
160,160,2136,9.22,16.0
161,161,2141,9.36,5.0
162,162,2142,9.34,1.0
163,163,2143,9.37,1.0
164,164,2159,9.35,16.0
165,165,2161,9.29,2.0
166,166,2186,9.26,25.0
167,167,2207,9.25,21.0
168,168,2211,9.41,4.0
169,169,2224,9.32,13.0
170,170,2228,9.49,4.0
171,171,2231,9.39,3.0
172,172,2243,9.38,12.0
173,173,2250,9.35,7.0
174,174,2257,9.31,7.0
175,175,2281,9.42,24.0
176,176,2289,9.53,8.0
177,177,2290,9.12,1.0
178,178,2301,9.22,11.0
179,179,2326,9.29,25.0
180,180,2332,9.42,6.0
181,181,2333,9.42,1.0
182,182,2344,9.44,11.0
183,183,2355,9.42,11.0
184,184,2361,9.37,6.0
185,185,2376,9.33,15.0
186,186,2377,9.43,1.0
187,187,2390,9.33,13.0
188,188,2391,9.39,1.0
189,189,2400,9.43,9.0
190,190,2421,9.31,21.0
191,191,2435,9.45,14.0
192,192,2436,9.34,1.0
193,193,2439,9.41,3.0
194,194,2447,9.34,8.0
195,195,2454,9.4,7.0
196,196,2468,9.26,14.0
197,197,2476,9.36,8.0
198,198,2493,9.32,17.0
199,199,2494,9.28,1.0
200,200,2513,9.34,19.0
201,201,2527,9.46,14.0
202,202,2550,9.28,23.0
203,203,2559,9.41,9.0
204,204,2560,9.32,1.0
205,205,2573,9.44,13.0
206,206,2589,9.36,16.0
207,207,2590,9.22,1.0
208,208,2601,9.48,11.0
209,209,2609,9.45,8.0
210,210,2630,9.32,21.0
211,211,2636,9.13,6.0
212,212,2638,9.4,2.0
213,213,2645,9.28,7.0
214,214,2661,9.31,16.0
215,215,2667,9.41,6.0
216,216,2668,9.28,1.0
217,217,2675,9.38,7.0
218,218,2679,9.45,4.0
219,219,2691,9.27,12.0
220,220,2698,9.29,7.0
221,221,2699,9.4,1.0
222,222,2707,9.29,8.0
223,223,2721,9.3,14.0
224,224,2731,9.35,10.0
225,225,2735,9.43,4.0
226,226,2750,9.34,15.0
227,227,2772,9.22,22.0
228,228,2780,9.51,8.0
229,229,2795,9.45,15.0
230,230,2803,9.3,8.0
231,231,2814,9.29,11.0
232,232,2827,9.44,13.0
233,233,2834,9.35,7.0
234,234,2847,9.45,13.0
235,235,2851,9.54,4.0
236,236,2862,9.26,11.0
237,237,2872,9.27,10.0
238,238,2876,9.39,4.0
239,239,2885,9.3,9.0
240,240,2891,9.27,6.0
241,241,2905,9.33,14.0
242,242,2920,9.38,15.0
243,243,2944,9.28,24.0
244,244,2945,9.41,1.0
245,245,2957,9.33,12.0
246,246,2972,9.38,15.0
247,247,2991,9.39,19.0
248,248,2996,9.63,5.0
249,249,2998,9.58,2.0
250,250,2999,9.34,1.0
251,251,3000,9.48,1.0
252,252,3005,9.68,5.0
253,253,3019,9.42,14.0
254,254,3042,9.16,23.0
255,255,3049,9.42,7.0
256,256,3050,9.39,1.0
257,257,3051,9.35,1.0
258,258,3060,9.29,9.0
259,259,3072,9.34,12.0
260,260,3073,9.41,1.0
261,261,3084,9.22,11.0
262,262,3085,9.29,1.0
263,263,3097,9.38,12.0
264,264,3115,9.44,18.0
265,265,3116,9.38,1.0
266,266,3121,9.5,5.0
267,267,3126,9.3,5.0
268,268,3142,9.3,16.0
269,269,3143,9.3,1.0
270,270,3150,9.26,7.0
271,271,3153,9.36,3.0
272,272,3154,9.34,1.0
273,273,3161,9.3,7.0
274,274,3170,9.19,9.0
275,275,3180,9.42,10.0
276,276,3187,9.36,7.0
277,277,3191,9.41,4.0
278,278,3199,9.34,8.0
279,279,3213,9.3,14.0
280,280,3225,9.39,12.0
281,281,3231,9.38,6.0
282,282,3244,9.41,13.0
283,283,3253,9.4,9.0
284,284,3263,9.36,10.0
285,285,3272,9.25,9.0
286,286,3273,9.52,1.0
287,287,3281,9.47,8.0
288,288,3282,9.43,1.0
289,289,3283,9.43,1.0
290,290,3295,9.41,12.0
291,291,3302,9.43,7.0
292,292,3303,9.2,1.0
293,293,3317,9.34,14.0
294,294,3328,9.33,11.0
295,295,3332,9.37,4.0
296,296,3333,9.43,1.0
297,297,3352,9.52,19.0
298,298,3371,9.37,19.0
299,299,3380,9.32,9.0
300,300,3390,9.19,10.0
301,301,3403,9.41,13.0
302,302,3409,9.46,6.0
303,303,3418,9.31,9.0
304,304,3442,9.29,24.0
305,305,3443,9.36,1.0
306,306,3444,9.5,1.0
307,307,3447,9.33,3.0
308,308,3448,9.33,1.0
309,309,3457,9.18,9.0
310,310,3469,9.39,12.0
311,311,3482,9.29,13.0
312,312,3483,9.42,1.0
313,313,3491,9.42,8.0
314,314,3494,9.28,3.0
315,315,3507,9.3,13.0
316,316,3519,9.2,12.0
317,317,3525,9.26,6.0
318,318,3530,9.34,5.0
319,319,3537,9.32,7.0
320,320,3538,9.38,1.0
321,321,3539,9.44,1.0
322,322,3553,9.4,14.0
323,323,3560,9.4,7.0
324,324,3561,9.32,1.0
325,325,3572,9.33,11.0
326,326,3576,9.37,4.0
327,327,3582,9.36,6.0
328,328,3596,9.39,14.0
329,329,3603,9.31,7.0
330,330,3606,9.41,3.0
331,331,3623,9.33,17.0
332,332,3637,9.28,14.0
333,333,3646,9.25,9.0
334,334,3656,9.36,10.0
335,335,3670,9.43,14.0
336,336,3671,9.43,1.0
337,337,3676,9.19,5.0
338,338,3682,9.29,6.0
339,339,3697,9.28,15.0
340,340,3717,9.39,20.0
341,341,3724,9.45,7.0
342,342,3730,9.43,6.0
343,343,3739,9.85,9.0
344,344,3750,9.83,11.0
345,345,3756,9.92,6.0
346,346,3763,9.79,7.0
347,347,3764,9.52,1.0
348,348,3765,9.7,1.0
349,349,3783,9.58,18.0
350,350,3800,9.41,17.0
351,351,3815,9.45,15.0
352,352,3822,9.25,7.0
353,353,3832,9.34,10.0
354,354,3833,9.26,1.0
355,355,3845,9.37,12.0
356,356,3857,9.47,12.0
357,357,3865,9.26,8.0
358,358,3871,9.34,6.0
359,359,3884,9.27,13.0
360,360,3885,9.36,1.0
361,361,3896,9.35,11.0
362,362,3897,9.36,1.0
363,363,3900,9.41,3.0
364,364,3909,9.37,9.0
365,365,3922,9.31,13.0
366,366,3923,9.21,1.0
367,367,3929,9.31,6.0
368,368,3939,9.39,10.0
369,369,3952,9.26,13.0
370,370,3964,9.37,12.0
371,371,3978,9.39,14.0
372,372,3980,9.34,2.0
373,373,3984,9.45,4.0
374,374,3985,9.45,1.0
375,375,3991,9.39,6.0
376,376,4005,9.16,14.0
377,377,4017,9.45,12.0
378,378,4031,9.3,14.0
379,379,4036,9.24,5.0
380,380,4042,9.34,6.0
381,381,4043,9.39,1.0
382,382,4050,9.45,7.0
383,383,4063,9.31,13.0
384,384,4075,9.34,12.0
385,385,4076,9.25,1.0
386,386,4092,9.52,16.0
387,387,4098,9.49,6.0
388,388,4104,9.28,6.0
389,389,4118,9.34,14.0
390,390,4125,9.42,7.0
391,391,4142,9.4,17.0
392,392,4154,9.26,12.0
393,393,4155,9.34,1.0
394,394,4159,9.42,4.0
395,395,4171,9.23,12.0
396,396,4183,9.45,12.0
397,397,4184,9.36,1.0
398,398,4190,9.33,6.0
399,399,4206,9.43,16.0
400,400,4213,9.26,7.0
401,401,4224,9.36,11.0
402,402,4231,9.32,7.0
403,403,4248,9.41,17.0
404,404,4249,9.35,1.0
405,405,4258,9.42,9.0
406,406,4259,9.3,1.0
407,407,4261,9.33,2.0
408,408,4262,9.39,1.0
409,409,4273,9.24,11.0
410,410,4282,9.28,9.0
411,411,4295,9.4,13.0
412,412,4308,9.24,13.0
413,413,4315,9.39,7.0
414,414,4321,9.36,6.0
415,415,4330,9.4,9.0
416,416,4334,9.29,4.0
417,417,4335,9.33,1.0
418,418,4347,9.39,12.0
419,419,4358,9.41,11.0
420,420,4364,9.41,6.0
421,421,4372,9.37,8.0
422,422,4381,9.33,9.0
423,423,4395,9.24,14.0
424,424,4400,9.28,5.0
425,425,4409,9.47,9.0
426,426,4419,9.35,10.0
427,427,4420,9.35,1.0
428,428,4430,9.43,10.0
429,429,4441,9.32,11.0
430,430,4453,9.26,12.0
431,431,4462,9.32,9.0
432,432,4466,9.43,4.0
433,433,4473,9.25,7.0
434,434,4486,9.37,13.0
435,435,4494,9.37,8.0
436,436,4508,9.38,14.0
437,437,4512,9.42,4.0
438,438,4513,9.26,1.0
439,439,4518,9.35,5.0
440,440,4519,9.3,1.0
441,441,4530,9.37,11.0
442,442,4540,9.51,10.0
443,443,4541,9.44,1.0
444,444,4550,9.35,9.0
445,445,4563,9.33,13.0
446,446,4581,9.37,18.0
447,447,4588,9.33,7.0
448,448,4591,9.27,3.0
449,449,4597,9.38,6.0
450,450,4605,9.43,8.0
451,451,4606,9.39,1.0
452,452,4622,9.2,16.0
453,453,4630,9.37,8.0
454,454,4639,9.3,9.0
455,455,4651,9.31,12.0
456,456,4654,9.2,3.0
457,457,4668,9.38,14.0
458,458,4681,9.38,13.0
459,459,4682,9.43,1.0
460,460,4683,9.46,1.0
461,461,4698,9.36,15.0
462,462,4701,9.3,3.0
463,463,4702,9.45,1.0
464,464,4718,9.39,16.0
465,465,4736,9.31,18.0
466,466,4738,9.33,2.0
467,467,4751,9.37,13.0
468,468,4762,9.28,11.0
469,469,4771,9.41,9.0
470,470,4782,9.32,11.0
471,471,4793,9.39,11.0
472,472,4804,9.37,11.0
473,473,4821,9.66,17.0
474,474,4824,9.6,3.0
475,475,4825,9.49,1.0
476,476,4826,9.74,1.0
477,477,4834,9.76,8.0
478,478,4851,9.87,17.0
479,479,4881,11.09,30.0
480,480,4890,10.61,9.0
481,481,4904,10.41,14.0
482,482,4905,10.22,1.0
483,483,4918,11.32,13.0
484,484,4927,11.69,9.0
485,485,4935,11.17,8.0
486,486,4937,11.16,2.0
487,487,4946,10.48,9.0
488,488,4961,10.51,15.0
489,489,4968,10.75,7.0
490,490,4981,11.38,13.0
491,491,4990,11.13,9.0
492,492,4999,11.21,9.0
493,493,5013,10.31,14.0
494,494,5026,9.81,13.0
495,495,5035,9.78,9.0
496,496,5049,9.99,14.0
497,497,5057,10.35,8.0
498,498,5059,10.35,2.0
499,499,5068,10.44,9.0
500,500,5069,10.46,1.0
501,501,5082,10.34,13.0
502,502,5087,10.34,5.0
503,503,5088,10.24,1.0
504,504,5103,9.73,15.0
505,505,5120,9.58,17.0
506,506,5130,9.44,10.0
507,507,5143,9.8,13.0
508,508,5160,9.59,17.0
509,509,5173,9.45,13.0
510,510,5174,9.5,1.0
511,511,5179,9.44,5.0
512,512,5180,9.47,1.0
513,513,5194,9.58,14.0
514,514,5205,10.03,11.0
515,515,5206,10.0,1.0
516,516,5212,10.13,6.0
517,517,5213,10.37,1.0
518,518,5228,10.67,15.0
519,519,5229,10.4,1.0
520,520,5240,9.92,11.0
521,521,5246,9.97,6.0
522,522,5260,10.58,14.0
523,523,5261,10.48,1.0
524,524,5264,10.55,3.0
525,525,5280,10.35,16.0
526,526,5290,10.13,10.0
527,527,5291,10.11,1.0
528,528,5304,10.13,13.0
529,529,5318,10.32,14.0
530,530,5326,9.95,8.0
531,531,5339,9.83,13.0
532,532,5347,9.74,8.0
533,533,5364,9.82,17.0
534,534,5374,9.58,10.0
535,535,5375,9.62,1.0
536,536,5383,9.55,8.0
537,537,5394,9.75,11.0
538,538,5408,9.88,14.0
539,539,5428,9.86,20.0
540,540,5429,9.75,1.0
541,541,5436,9.7,7.0
542,542,5447,9.92,11.0
543,543,5453,9.94,6.0
544,544,5468,9.78,15.0
545,545,5483,10.05,15.0
546,546,5496,12.71,13.0
547,547,5510,15.45,14.0
548,548,5524,15.46,14.0
549,549,5529,15.39,5.0
550,550,5538,14.78,9.0
551,551,5546,13.11,8.0
552,552,5552,11.12,6.0
553,553,5567,11.08,15.0
554,554,5580,14.85,13.0
555,555,5586,15.44,6.0
556,556,5592,15.34,6.0
557,557,5604,16.52,12.0
558,558,5621,18.19,17.0
559,559,5622,15.95,1.0
560,560,5634,17.66,12.0
561,561,5646,15.71,12.0
562,562,5647,14.73,1.0
563,563,5660,15.56,13.0
564,564,5661,15.05,1.0
565,565,5674,14.53,13.0
566,566,5684,10.4,10.0
567,567,5695,9.39,11.0
568,568,5710,9.4,15.0
569,569,5718,9.36,8.0
570,570,5726,9.37,8.0
571,571,5740,9.43,14.0
572,572,5741,9.34,1.0
573,573,5753,9.47,12.0
574,574,5757,9.23,4.0
575,575,5758,9.37,1.0
576,576,5772,9.4,14.0
577,577,5781,9.37,9.0
578,578,5793,9.32,12.0
579,579,5794,9.35,1.0
580,580,5799,9.45,5.0
581,581,5809,11.14,10.0
582,582,5810,10.89,1.0
583,583,5835,10.99,25.0
584,584,5843,9.88,8.0
585,585,5852,9.62,9.0
586,586,5853,10.6,1.0
587,587,5867,11.98,14.0
588,588,5868,12.1,1.0
589,589,5880,20.03,12.0
590,590,5886,22.21,6.0
591,591,5900,13.16,14.0
592,592,5916,13.82,16.0
593,593,5923,14.43,7.0
594,594,5936,20.38,13.0
595,595,5951,11.06,15.0
596,596,5956,11.91,5.0
597,597,5957,11.56,1.0
598,598,5963,12.67,6.0
599,599,5964,13.45,1.0
600,600,5973,13.09,9.0
601,601,5998,9.38,25.0
602,602,6005,9.48,7.0
603,603,6013,9.28,8.0
604,604,6019,9.45,6.0
605,605,6029,9.29,10.0
606,606,6042,9.43,13.0
607,607,6050,9.3,8.0
608,608,6064,9.42,14.0
609,609,6071,9.35,7.0
610,610,6086,15.2,15.0
611,611,6094,16.81,8.0
612,612,6119,9.3,25.0
613,613,6124,9.33,5.0
614,614,6140,9.25,16.0
615,615,6155,9.22,15.0
616,616,6164,9.43,9.0
617,617,6170,9.36,6.0
618,618,6186,9.28,16.0
619,619,6199,9.34,13.0
620,620,6211,9.43,12.0
621,621,6226,9.13,15.0
622,622,6227,9.35,1.0
623,623,6240,9.28,13.0
624,624,6247,9.36,7.0
625,625,6258,9.36,11.0
626,626,6268,9.37,10.0
627,627,6275,9.14,7.0
628,628,6285,9.41,10.0
629,629,6294,9.44,9.0
630,630,6297,9.34,3.0
631,631,6311,9.45,14.0
632,632,6317,9.39,6.0
633,633,6322,9.27,5.0
634,634,6325,9.2,3.0
635,635,6337,9.32,12.0
636,636,6338,9.41,1.0
637,637,6339,9.39,1.0
638,638,6350,9.42,11.0
639,639,6364,9.37,14.0
640,640,6365,9.24,1.0
641,641,6374,9.34,9.0
642,642,6386,9.25,12.0
643,643,6394,9.57,8.0
644,644,6404,10.54,10.0
645,645,6414,15.96,10.0
646,646,6423,18.2,9.0
647,647,6439,18.43,16.0
648,648,6451,19.87,12.0
649,649,6458,18.81,7.0
650,650,6460,19.4,2.0
651,651,6472,14.68,12.0
652,652,6487,9.43,15.0
653,653,6494,9.42,7.0
654,654,6498,9.32,4.0
655,655,6512,9.21,14.0
656,656,6522,9.34,10.0
657,657,6531,9.22,9.0
658,658,6542,9.24,11.0
659,659,6546,9.52,4.0
660,660,6553,9.39,7.0
661,661,6567,9.34,14.0
662,662,6568,9.38,1.0
663,663,6583,9.35,15.0
664,664,6594,9.31,11.0
665,665,6595,9.18,1.0
666,666,6606,9.44,11.0
667,667,6613,9.29,7.0
668,668,6622,9.41,9.0
669,669,6623,9.41,1.0
670,670,6636,9.43,13.0
671,671,6641,9.26,5.0
672,672,6654,9.29,13.0
673,673,6655,9.53,1.0
674,674,6666,9.41,11.0
675,675,6680,9.29,14.0
676,676,6691,9.24,11.0
677,677,6703,9.4,12.0
678,678,6714,9.45,11.0
679,679,6726,9.29,12.0
680,680,6733,9.42,7.0
681,681,6744,9.32,11.0
682,682,6763,9.37,19.0
683,683,6776,9.57,13.0
684,684,6787,9.28,11.0
685,685,6788,9.36,1.0
686,686,6789,9.41,1.0
687,687,6790,9.34,1.0
688,688,6794,9.46,4.0
689,689,6798,9.32,4.0
690,690,6807,9.37,9.0
691,691,6819,9.41,12.0
692,692,6820,9.37,1.0
693,693,6835,9.39,15.0
694,694,6849,9.2,14.0
695,695,6850,9.38,1.0
696,696,6860,9.26,10.0
697,697,6865,9.43,5.0
698,698,6878,9.4,13.0
699,699,6882,9.42,4.0
700,700,6888,9.36,6.0
701,701,6895,9.28,7.0
702,702,6902,9.31,7.0
703,703,6903,9.42,1.0
704,704,6916,9.42,13.0
705,705,6917,9.37,1.0
706,706,6944,9.29,27.0
707,707,6945,9.24,1.0
708,708,6952,9.31,7.0
709,709,6963,9.29,11.0
710,710,6964,9.35,1.0
711,711,6971,9.29,7.0
712,712,6975,9.22,4.0
713,713,6990,9.36,15.0
714,714,7015,9.48,25.0
715,715,7023,9.42,8.0
716,716,7040,9.48,17.0
717,717,7067,9.97,27.0
718,718,7078,9.32,11.0
719,719,7090,9.38,12.0
720,720,7096,9.45,6.0
721,721,7097,9.46,1.0
722,722,7102,9.39,5.0
723,723,7103,9.42,1.0
724,724,7113,9.52,10.0
725,725,7117,9.4,4.0
726,726,7126,9.39,9.0
727,727,7140,9.4,14.0
728,728,7150,9.45,10.0
729,729,7151,9.35,1.0
730,730,7161,9.33,10.0
731,731,7173,9.38,12.0
732,732,7196,9.38,23.0
733,733,7210,9.3,14.0
734,734,7220,9.4,10.0
735,735,7233,9.29,13.0
736,736,7244,9.38,11.0
737,737,7256,9.29,12.0
738,738,7266,9.47,10.0
739,739,7267,9.33,1.0
740,740,7273,9.36,6.0
741,741,7279,9.35,6.0
742,742,7280,9.4,1.0
743,743,7281,9.51,1.0
744,744,7305,9.29,24.0
745,745,7312,9.26,7.0
746,746,7325,9.49,13.0
747,747,7334,9.39,9.0
748,748,7348,9.33,14.0
749,749,7362,9.41,14.0
750,750,7371,9.38,9.0
751,751,7380,9.24,9.0
752,752,7389,9.25,9.0
753,753,7399,9.32,10.0
754,754,7426,9.38,27.0
755,755,7451,9.25,25.0
756,756,7452,9.34,1.0
757,757,7458,9.37,6.0
758,758,7465,9.23,7.0
759,759,7478,9.35,13.0
760,760,7489,9.36,11.0
761,761,7495,9.22,6.0
762,762,7503,9.46,8.0
763,763,7504,9.39,1.0
764,764,7517,9.37,13.0
765,765,7532,9.41,15.0
766,766,7540,9.37,8.0
767,767,7544,9.38,4.0
768,768,7545,9.28,1.0
769,769,7551,9.37,6.0
770,770,7556,9.31,5.0
771,771,7566,9.27,10.0
772,772,7572,9.47,6.0
773,773,7601,9.34,29.0
774,774,7606,9.38,5.0
775,775,7618,9.28,12.0
776,776,7622,9.41,4.0
777,777,7626,9.37,4.0
778,778,7653,9.37,27.0
779,779,7664,9.31,11.0
780,780,7674,9.4,10.0
781,781,7675,9.32,1.0
782,782,7678,9.45,3.0
783,783,7699,9.48,21.0
784,784,7709,9.42,10.0
785,785,7717,9.38,8.0
786,786,7725,9.4,8.0
787,787,7736,9.39,11.0
788,788,7746,9.41,10.0
789,789,7747,9.37,1.0
790,790,7755,9.43,8.0
791,791,7766,9.26,11.0
792,792,7787,9.13,21.0
793,793,7796,9.43,9.0
794,794,7804,9.17,8.0
795,795,7811,9.37,7.0
796,796,7812,9.43,1.0
797,797,7826,9.41,14.0
798,798,7833,9.32,7.0
799,799,7847,9.37,14.0
800,800,7860,9.4,13.0
801,801,7871,9.45,11.0
802,802,7884,9.42,13.0
803,803,7896,9.5,12.0
804,804,7906,9.32,10.0
805,805,7919,9.19,13.0
806,806,7927,9.37,8.0
807,807,7938,9.32,11.0
808,808,7939,9.33,1.0
809,809,7945,9.27,6.0
810,810,7946,9.49,1.0
811,811,7954,9.39,8.0
812,812,7969,9.21,15.0
813,813,7989,9.38,20.0
814,814,8000,9.36,11.0
815,815,8001,9.52,1.0
816,816,8024,9.33,23.0
817,817,8035,9.43,11.0
818,818,8040,9.6,5.0
819,819,8051,9.76,11.0
820,820,8074,9.3,23.0
821,821,8083,9.32,9.0
822,822,8095,9.37,12.0
823,823,8106,9.38,11.0
824,824,8107,9.21,1.0
825,825,8112,9.43,5.0
826,826,8118,9.46,6.0
827,827,8119,9.38,1.0
828,828,8129,9.4,10.0
829,829,8140,9.37,11.0
830,830,8167,9.3,27.0
831,831,8181,9.33,14.0
832,832,8182,9.26,1.0
833,833,8192,9.32,10.0
834,834,8203,9.31,11.0
835,835,8218,9.38,15.0
836,836,8226,9.26,8.0
837,837,8227,9.33,1.0
838,838,8228,9.3,1.0
839,839,8240,9.35,12.0
840,840,8266,9.28,26.0
841,841,8280,9.25,14.0
842,842,8286,9.34,6.0
843,843,8295,9.4,9.0
844,844,8305,9.37,10.0
845,845,8317,9.3,12.0
846,846,8322,9.45,5.0
847,847,8330,9.21,8.0
848,848,8333,9.32,3.0
849,849,8345,9.33,12.0
850,850,8360,9.27,15.0
851,851,8370,9.42,10.0
852,852,8383,9.45,13.0
853,853,8391,9.4,8.0
854,854,8392,9.43,1.0
855,855,8393,9.21,1.0
856,856,8405,9.34,12.0
857,857,8415,9.37,10.0
858,858,8416,9.23,1.0
859,859,8424,9.37,8.0
860,860,8433,9.37,9.0
861,861,8444,9.36,11.0
862,862,8458,9.43,14.0
863,863,8462,9.32,4.0
864,864,8472,9.42,10.0
865,865,8479,9.34,7.0
866,866,8491,9.42,12.0
867,867,8495,9.3,4.0
868,868,8508,9.32,13.0
869,869,8517,9.35,9.0
870,870,8521,9.32,4.0
871,871,8530,9.34,9.0
872,872,8531,9.35,1.0
873,873,8543,9.32,12.0
874,874,8553,9.44,10.0
875,875,8583,9.5,30.0
876,876,8596,9.45,13.0
877,877,8607,9.71,11.0
878,878,8608,9.87,1.0
879,879,8638,9.28,30.0
880,880,8647,9.28,9.0
881,881,8657,9.41,10.0
882,882,8688,9.4,31.0
883,883,8689,9.31,1.0
884,884,8696,9.39,7.0
885,885,8697,9.44,1.0
886,886,8707,9.34,10.0
887,887,8721,9.31,14.0
888,888,8728,9.45,7.0
889,889,8730,9.39,2.0
890,890,8732,9.4,2.0
891,891,8745,9.32,13.0
892,892,8756,9.39,11.0
893,893,8768,9.27,12.0
894,894,8776,9.32,8.0
895,895,8784,9.4,8.0
896,896,8794,9.37,10.0
897,897,8824,9.24,30.0
898,898,8836,9.29,12.0
899,899,8863,9.27,27.0
900,900,8864,9.37,1.0
901,901,8876,9.43,12.0
902,902,8881,9.52,5.0
903,903,8882,9.35,1.0
904,904,8889,9.31,7.0
905,905,8895,9.47,6.0
906,906,8903,9.31,8.0
907,907,8904,9.34,1.0
908,908,8916,9.41,12.0
909,909,8923,9.46,7.0
910,910,8937,9.3,14.0
911,911,8941,9.51,4.0
912,912,8945,9.45,4.0
913,913,8946,9.21,1.0
914,914,8957,9.32,11.0
915,915,8958,9.21,1.0
916,916,8972,9.4,14.0
917,917,9000,14.5,28.0
918,918,9014,16.71,14.0
919,919,9027,17.01,13.0
920,920,9039,16.05,12.0
921,921,9053,12.95,14.0
922,922,9066,12.47,13.0
923,923,9078,11.75,12.0
924,924,9083,11.86,5.0
925,925,9110,9.75,27.0
926,926,9120,9.32,10.0
927,927,9140,9.42,20.0
928,928,9153,9.34,13.0
929,929,9159,9.43,6.0
930,930,9169,9.22,10.0
931,931,9182,9.3,13.0
932,932,9183,9.31,1.0
933,933,9196,9.36,13.0
934,934,9206,9.31,10.0
935,935,9216,9.33,10.0
936,936,9226,9.28,10.0
937,937,9239,9.5,13.0
938,938,9274,9.31,35.0
939,939,9297,10.75,23.0
940,940,9298,11.15,1.0
941,941,9312,10.03,14.0
942,942,9347,9.53,35.0
943,943,9348,9.77,1.0
944,944,9357,9.51,9.0
945,945,9358,9.54,1.0
946,946,9366,9.38,8.0
947,947,9367,9.22,1.0
948,948,9382,9.92,15.0
949,949,9392,9.67,10.0
950,950,9403,9.59,11.0
951,951,9424,11.52,21.0
952,952,9433,10.76,9.0
953,953,9434,10.51,1.0
954,954,9445,10.6,11.0
955,955,9451,9.89,6.0
956,956,9457,9.71,6.0
957,957,9491,9.95,34.0
958,958,9503,11.58,12.0
959,959,9514,9.87,11.0
960,960,9524,9.57,10.0
961,961,9525,9.42,1.0
962,962,9562,9.37,37.0
963,963,9563,9.43,1.0
964,964,9577,10.11,14.0
965,965,9585,9.66,8.0
966,966,9589,9.44,4.0
967,967,9593,9.44,4.0
968,968,9597,9.52,4.0
969,969,9626,9.51,29.0
970,970,9638,9.78,12.0
971,971,9655,9.9,17.0
972,972,9678,10.78,23.0
973,973,9679,10.73,1.0
974,974,9685,10.49,6.0
975,975,9721,9.51,36.0
976,976,9730,9.59,9.0
977,977,9731,9.29,1.0
978,978,9733,9.41,2.0
979,979,9746,9.64,13.0
980,980,9756,9.54,10.0
981,981,9765,9.21,9.0
982,982,9771,9.47,6.0
983,983,9781,9.47,10.0
984,984,9809,9.48,28.0
985,985,9843,10.19,34.0
986,986,9854,9.99,11.0
987,987,9865,9.57,11.0
988,988,9876,9.43,11.0
989,989,9888,9.57,12.0
990,990,9901,9.87,13.0
991,991,9905,9.72,4.0
992,992,9911,10.18,6.0
993,993,9925,9.86,14.0
994,994,9937,10.37,12.0
995,995,9950,13.21,13.0
996,996,9962,14.88,12.0
997,997,9986,10.03,24.0
998,998,9996,9.56,10.0
999,999,10038,11.67,42.0
1000,1000,10068,21.16,30.0
1001,1001,10069,23.41,1.0
1002,1002,10103,18.36,34.0
1003,1003,10132,12.07,29.0
1004,1004,10146,9.86,14.0
1005,1005,10153,9.88,7.0
1006,1006,10160,9.85,7.0
1007,1007,10172,9.66,12.0
1008,1008,10206,9.71,34.0
1009,1009,10218,9.77,12.0
1010,1010,10226,9.91,8.0
1011,1011,10231,9.86,5.0
1012,1012,10272,10.05,41.0
1013,1013,10288,10.51,16.0
1014,1014,10289,10.88,1.0
1015,1015,10304,12.88,15.0
1016,1016,10313,12.27,9.0
1017,1017,10351,10.25,38.0
1018,1018,10364,10.22,13.0
1019,1019,10394,9.81,30.0
1020,1020,10395,9.96,1.0
1021,1021,10396,9.89,1.0
1022,1022,10405,9.84,9.0
1023,1023,10418,9.83,13.0
1024,1024,10433,10.0,15.0
1025,1025,10434,10.05,1.0
1026,1026,10447,10.25,13.0
1027,1027,10462,10.22,15.0
1028,1028,10474,10.03,12.0
1029,1029,10507,9.66,33.0
1030,1030,10508,9.71,1.0
1031,1031,10509,9.8,1.0
1032,1032,10532,9.95,23.0
1033,1033,10533,9.95,1.0
1034,1034,10534,9.98,1.0
1035,1035,10555,10.02,21.0
1036,1036,10556,9.91,1.0
1037,1037,10571,9.91,15.0
1038,1038,10572,9.72,1.0
1039,1039,10577,9.58,5.0
1040,1040,10591,9.76,14.0
1041,1041,10600,9.71,9.0
1042,1042,10611,9.68,11.0
1043,1043,10622,9.88,11.0
1044,1044,10636,9.93,14.0
1045,1045,10648,9.97,12.0
1046,1046,10662,10.09,14.0
1047,1047,10695,10.45,33.0
1048,1048,10708,10.19,13.0
1049,1049,10721,9.98,13.0
1050,1050,10726,10.1,5.0
1051,1051,10734,10.31,8.0
1052,1052,10748,10.3,14.0
1053,1053,10761,10.18,13.0
1054,1054,10773,10.41,12.0
1055,1055,10789,10.81,16.0
1056,1056,10790,10.76,1.0
1057,1057,10801,10.72,11.0
1058,1058,10814,11.0,13.0
1059,1059,10825,11.32,11.0
1060,1060,10841,15.14,16.0
1061,1061,10842,17.72,1.0
1062,1062,10846,15.28,4.0
1063,1063,10857,13.83,11.0
1064,1064,11037,125.75,180.0
1065,1065,11038,120.65,1.0
1066,1066,11046,98.0,8.0
1067,1067,11047,111.81,1.0
1068,1068,11056,82.34,9.0
1069,1069,11073,66.83,17.0
1070,1070,11090,72.54,17.0
1071,1071,11110,170.44,20.0
1072,1072,11298,52.97,188.0
1073,1073,11299,64.87,1.0
1074,1074,11315,134.38,16.0
1075,1075,11331,190.42,16.0
1076,1076,11483,500.0,152.0
1077,1077,11983,429.18,500.0
1078,1078,12434,201.67,451.0
1079,1079,12634,290.04,200.0
1080,1080,13067,247.57,433.0
1081,1081,13320,280.5,253.0
1082,1082,13321,280.85,1.0
1083,1083,13527,274.34,206.0
1084,1084,13778,164.03,251.0
1085,1085,14090,197.69,312.0
1086,1086,14368,167.91,278.0
1087,1087,14534,186.47,166.0
1088,1088,14771,187.31,237.0
1089,1089,14987,187.53,216.0
1090,1090,15379,212.13,392.0
1091,1091,15380,211.85,1.0
1092,1092,15610,246.81,230.0
1093,1093,15724,199.52,114.0
1094,1094,15862,166.27,138.0
1095,1095,16006,180.26,144.0
1096,1096,16169,189.12,163.0
1097,1097,16170,189.51,1.0
1098,1098,16363,237.29,193.0
1099,1099,16530,186.8,167.0
1100,1100,16707,193.88,177.0
1101,1101,16843,186.72,136.0
1102,1102,17064,218.0,221.0
1103,1103,17265,186.18,201.0
1104,1104,17433,180.81,168.0
1105,1105,17616,176.23,183.0
1106,1106,17800,194.53,184.0
1107,1107,17971,154.24,171.0
1108,1108,18085,228.37,114.0
1109,1109,18303,225.04,218.0
1110,1110,18304,221.11,1.0
1111,1111,18531,149.34,227.0
1112,1112,18756,211.16,225.0
1113,1113,18757,210.99,1.0
1114,1114,18758,211.58,1.0
1115,1115,18759,210.36,1.0
1116,1116,18904,155.78,145.0
1117,1117,19064,160.04,160.0
1118,1118,19065,160.59,1.0
1119,1119,19295,182.01,230.0
1120,1120,19455,160.63,160.0
1121,1121,19648,153.27,193.0
1122,1122,19816,178.15,168.0
1123,1123,19962,160.13,146.0
1124,1124,20142,207.98,180.0
1125,1125,20385,180.44,243.0
1126,1126,20608,174.26,223.0
1127,1127,20955,170.49,347.0
1128,1128,21077,194.1,122.0
1129,1129,21078,195.7,1.0
1130,1130,21270,181.97,192.0
1131,1131,21550,167.84,280.0
1132,1132,21709,191.51,159.0
1133,1133,21916,178.13,207.0
1134,1134,22057,180.46,141.0
1135,1135,22278,204.19,221.0
1136,1136,22431,206.59,153.0
1137,1137,22653,174.59,222.0
1138,1138,22807,194.63,154.0
1139,1139,22994,189.18,187.0
1140,1140,23157,200.94,163.0
1141,1141,23644,207.38,487.0
1142,1142,23798,206.08,154.0
1143,1143,23799,204.2,1.0
1144,1144,23800,204.63,1.0
1145,1145,23801,204.85,1.0
1146,1146,23945,211.37,144.0
1147,1147,24194,181.99,249.0
1148,1148,24394,205.44,200.0
1149,1149,24492,197.72,98.0
1150,1150,24651,191.15,159.0
1151,1151,25131,199.12,480.0
1152,1152,25312,187.4,181.0
1153,1153,25569,189.31,257.0
1154,1154,25697,184.24,128.0
1155,1155,25890,193.99,193.0
1156,1156,26028,194.95,138.0
1157,1157,26029,199.4,1.0
1158,1158,26030,197.67,1.0
1159,1159,26157,178.92,127.0
1160,1160,26304,209.43,147.0
1161,1161,26492,180.68,188.0
1162,1162,26639,191.91,147.0
1163,1163,26833,221.34,194.0
1164,1164,26999,203.98,166.0
1165,1165,27283,214.59,284.0
1166,1166,27547,198.87,264.0
1167,1167,27723,194.59,176.0
1168,1168,27861,207.94,138.0
1169,1169,28092,191.36,231.0
1170,1170,28592,209.51,500.0
1171,1171,28761,242.15,169.0
1172,1172,29261,211.77,500.0
1173,1173,29761,212.65,500.0
1174,1174,29899,195.49,138.0
1175,1175,30057,195.91,158.0
1176,1176,30387,202.95,330.0
1177,1177,30523,207.76,136.0
1178,1178,30669,213.08,146.0
1179,1179,31163,215.83,494.0
1180,1180,31287,207.34,124.0
1181,1181,31550,201.45,263.0
1182,1182,31767,216.23,217.0
1183,1183,31902,207.31,135.0
1184,1184,32138,200.57,236.0
1185,1185,32364,199.54,226.0
1186,1186,32590,207.84,226.0
1187,1187,32739,193.84,149.0
1188,1188,32966,212.38,227.0
1189,1189,33166,206.23,200.0
1190,1190,33388,205.95,222.0
1191,1191,33389,209.58,1.0
1192,1192,33595,213.63,206.0
1193,1193,33927,211.12,332.0
1194,1194,34163,212.39,236.0
1195,1195,34413,221.95,250.0
1196,1196,34600,204.7,187.0
1197,1197,34769,225.77,169.0
1198,1198,34936,217.23,167.0
1199,1199,34937,218.0,1.0
1200,1200,35071,207.31,134.0
1201,1201,35191,218.12,120.0
1202,1202,35501,222.7,310.0
1203,1203,35901,200.37,400.0
1204,1204,36056,205.36,155.0
1205,1205,36194,212.92,138.0
1206,1206,36306,215.4,112.0
1207,1207,36434,216.59,128.0
1208,1208,36435,215.7,1.0
1209,1209,36583,204.31,148.0
1210,1210,36775,208.43,192.0
1211,1211,36910,221.59,135.0
1212,1212,37022,200.75,112.0
1213,1213,37252,208.92,230.0
1214,1214,37253,203.95,1.0
1215,1215,37254,206.4,1.0
1216,1216,37625,209.62,371.0
1217,1217,37825,217.38,200.0
1218,1218,38049,213.77,224.0
1219,1219,38267,212.72,218.0
1220,1220,38525,215.34,258.0
1221,1221,38758,219.28,233.0
1222,1222,38981,203.05,223.0
1223,1223,39218,205.73,237.0
1224,1224,39440,227.86,222.0
1225,1225,39701,198.5,261.0
1226,1226,39821,220.22,120.0
1227,1227,40112,211.82,291.0
1228,1228,40283,205.54,171.0
1229,1229,40474,210.81,191.0
1230,1230,40475,213.41,1.0
1231,1231,40476,208.79,1.0
1232,1232,40601,215.94,125.0
1233,1233,40602,214.46,1.0
1234,1234,40903,212.14,301.0
1235,1235,40904,206.99,1.0
1236,1236,41124,207.2,220.0
1237,1237,41125,205.07,1.0
1238,1238,41398,212.95,273.0
1239,1239,41690,208.01,292.0
1240,1240,41982,217.56,292.0
1241,1241,42137,208.2,155.0
1242,1242,42370,222.98,233.0
1243,1243,42487,216.21,117.0
1244,1244,42692,211.38,205.0
1245,1245,42961,217.59,269.0
1246,1246,43185,217.21,224.0
1247,1247,43334,221.87,149.0
1248,1248,43583,202.77,249.0
1249,1249,43711,220.05,128.0
1250,1250,43850,215.71,139.0
1251,1251,43967,216.24,117.0
1252,1252,44104,216.29,137.0
1253,1253,44457,213.54,353.0
1254,1254,44641,208.96,184.0
1255,1255,44839,214.0,198.0
1256,1256,44991,222.7,152.0
1257,1257,45260,212.29,269.0
1258,1258,45484,220.37,224.0
1259,1259,45648,221.6,164.0
1260,1260,45788,226.88,140.0
1261,1261,45789,230.44,1.0
1262,1262,45959,219.92,170.0
1263,1263,46171,231.13,212.0
1264,1264,46404,219.83,233.0
1265,1265,46604,220.06,200.0
1266,1266,46887,221.22,283.0
1267,1267,47033,222.08,146.0
1268,1268,47229,235.96,196.0
1269,1269,47434,219.95,205.0
1270,1270,47551,226.88,117.0
1271,1271,47715,222.88,164.0
1272,1272,47906,233.95,191.0
1273,1273,48200,232.49,294.0
1274,1274,48458,237.52,258.0
1275,1275,48459,234.6,1.0
1276,1276,48660,219.76,201.0
1277,1277,48989,212.17,329.0
1278,1278,48990,213.21,1.0
1279,1279,48991,215.88,1.0
1280,1280,49115,219.73,124.0
1281,1281,49288,224.85,173.0
1282,1282,49289,225.83,1.0
1283,1283,49457,220.64,168.0
1284,1284,49653,228.29,196.0
1285,1285,49820,214.09,167.0
1286,1286,49821,213.78,1.0
1287,1287,50268,225.09,447.0
1288,1288,50504,221.7,236.0
1289,1289,50662,224.61,158.0
1290,1290,50914,236.33,252.0
1291,1291,51065,210.57,151.0
1292,1292,51066,211.24,1.0
1293,1293,51288,222.92,222.0
1294,1294,51434,216.24,146.0
1295,1295,51435,220.51,1.0
1296,1296,51630,222.78,195.0
1297,1297,51765,214.58,135.0
1298,1298,51766,217.01,1.0
1299,1299,51929,225.67,163.0
1300,1300,52100,219.0,171.0
1301,1301,52300,234.13,200.0
1302,1302,52697,226.25,397.0
1303,1303,52698,224.65,1.0
1304,1304,52699,224.0,1.0
1305,1305,52925,220.88,226.0
1306,1306,53183,219.53,258.0
1307,1307,53339,226.42,156.0
1308,1308,53493,229.18,154.0
1309,1309,53762,226.47,269.0
1310,1310,53885,220.76,123.0
1311,1311,54014,216.22,129.0
1312,1312,54165,211.35,151.0
1313,1313,54362,224.9,197.0
1314,1314,54491,207.33,129.0
1315,1315,54685,220.08,194.0
1316,1316,54686,218.83,1.0
1317,1317,54946,208.05,260.0
1318,1318,55173,220.86,227.0
1319,1319,55320,208.68,147.0
1320,1320,55490,208.76,170.0
1321,1321,55719,208.7,229.0
1322,1322,55842,202.71,123.0
1323,1323,55843,202.57,1.0
1324,1324,55844,202.91,1.0
1325,1325,55963,205.53,119.0
1326,1326,56085,205.25,122.0
1327,1327,56265,209.93,180.0
1328,1328,56579,201.83,314.0
1329,1329,56718,195.54,139.0
1330,1330,56817,195.07,99.0
1331,1331,56981,197.47,164.0
1332,1332,57084,195.12,103.0
1333,1333,57416,196.2,332.0
1334,1334,57687,195.36,271.0
1335,1335,57909,200.36,222.0
1336,1336,58071,190.6,162.0
1337,1337,58276,191.84,205.0
1338,1338,58277,191.23,1.0
1339,1339,58435,195.24,158.0
1340,1340,58611,192.15,176.0
1341,1341,58722,190.57,111.0
1342,1342,58939,193.42,217.0
1343,1343,59332,192.77,393.0
1344,1344,59468,203.57,136.0
1345,1345,59776,194.34,308.0
1346,1346,60037,195.56,261.0
1347,1347,60311,201.75,274.0
1348,1348,60498,202.98,187.0
1349,1349,60661,200.3,163.0
1350,1350,60662,202.54,1.0
1351,1351,60781,207.46,119.0
1352,1352,60958,203.01,177.0
1353,1353,60959,202.18,1.0
1354,1354,61337,216.59,378.0
1355,1355,61500,215.21,163.0
1356,1356,61849,221.23,349.0
1357,1357,62065,219.49,216.0
1358,1358,62335,224.3,270.0
1359,1359,62336,224.64,1.0
1360,1360,62556,219.74,220.0
1361,1361,62699,228.32,143.0
1362,1362,62902,216.29,203.0
1363,1363,63033,225.52,131.0
1364,1364,63203,220.7,170.0
1365,1365,63204,220.7,1.0
1366,1366,63346,217.15,142.0
1367,1367,63347,217.58,1.0
1368,1368,63603,222.52,256.0
1369,1369,63974,225.91,371.0
1370,1370,63975,229.12,1.0
1371,1371,64263,218.98,288.0
1372,1372,64501,220.64,238.0
1373,1373,64854,213.27,353.0
1374,1374,64971,216.04,117.0
1375,1375,65332,221.83,361.0
1376,1376,65631,217.75,299.0
1377,1377,66061,217.97,430.0
1378,1378,66511,213.15,450.0
1379,1379,66652,209.38,141.0
1380,1380,66860,219.49,208.0
1381,1381,67025,220.62,165.0
1382,1382,67210,213.87,185.0
1383,1383,67211,217.16,1.0
1384,1384,67358,218.14,147.0
1385,1385,67481,216.13,123.0
1386,1386,67625,221.12,144.0
1387,1387,67966,214.02,341.0
1388,1388,68134,221.06,168.0
1389,1389,68315,219.96,181.0
1390,1390,68567,216.64,252.0
1391,1391,68865,217.68,298.0
1392,1392,69058,215.71,193.0
1393,1393,69393,213.18,335.0
1394,1394,69394,211.58,1.0
1395,1395,69642,220.79,248.0
1396,1396,69798,217.14,156.0
1397,1397,69985,215.24,187.0
1398,1398,70239,213.48,254.0
1399,1399,70372,216.25,133.0
1400,1400,70549,217.07,177.0
1401,1401,70550,217.08,1.0
1402,1402,70751,220.68,201.0
1403,1403,70929,226.75,178.0
1404,1404,71091,218.66,162.0
1405,1405,71184,215.29,93.0
1406,1406,71472,210.79,288.0
1407,1407,71473,212.21,1.0
1408,1408,71625,211.09,152.0
1409,1409,71762,209.26,137.0
1410,1410,71763,202.51,1.0
1411,1411,71894,213.08,131.0
1412,1412,72090,222.73,196.0
1413,1413,72249,213.51,159.0
1414,1414,72250,209.75,1.0
1415,1415,72510,205.57,260.0
1416,1416,72650,209.7,140.0
1417,1417,72921,206.59,271.0
1418,1418,72922,211.2,1.0
1419,1419,73035,208.04,113.0
1420,1420,73162,201.8,127.0
1421,1421,73469,223.74,307.0
1422,1422,73874,208.65,405.0
1423,1423,73875,207.34,1.0
1424,1424,74014,210.19,139.0
1425,1425,74015,208.07,1.0
1426,1426,74151,219.89,136.0
1427,1427,74297,212.12,146.0
1428,1428,74298,214.83,1.0
1429,1429,74449,219.29,151.0
1430,1430,74450,214.1,1.0
1431,1431,74629,205.62,179.0
1432,1432,74780,219.89,151.0
1433,1433,75096,215.31,316.0
1434,1434,75258,225.59,162.0
1435,1435,75472,220.02,214.0
1436,1436,75769,208.76,297.0
1437,1437,76207,220.39,438.0
1438,1438,76386,228.42,179.0
1439,1439,76505,217.6,119.0
1440,1440,76700,215.35,195.0
1441,1441,76870,222.6,170.0
1442,1442,76871,216.29,1.0
1443,1443,77017,216.15,146.0
1444,1444,77018,213.56,1.0
1445,1445,77158,213.07,140.0
1446,1446,77412,224.3,254.0
1447,1447,77775,221.76,363.0
1448,1448,77776,225.45,1.0
1449,1449,77935,227.38,159.0
1450,1450,78092,228.92,157.0
1451,1451,78227,220.36,135.0
1452,1452,78228,225.5,1.0
1453,1453,78229,226.2,1.0
1454,1454,78367,220.04,138.0
1455,1455,78500,219.07,133.0
1456,1456,78738,228.27,238.0
1457,1457,79050,219.86,312.0
1458,1458,79170,220.99,120.0
1459,1459,79360,226.1,190.0
1460,1460,79522,218.42,162.0
1461,1461,79642,220.78,120.0
1462,1462,79643,222.75,1.0
1463,1463,79769,226.6,126.0
1464,1464,79770,225.68,1.0
1465,1465,79998,234.01,228.0
1466,1466,80182,224.18,184.0
1467,1467,80408,210.74,226.0
1468,1468,80547,218.48,139.0
1469,1469,80815,230.5,268.0
1470,1470,80816,222.98,1.0
1471,1471,80993,222.74,177.0
1472,1472,81120,222.86,127.0
1473,1473,81257,227.01,137.0
1474,1474,81499,214.23,242.0
1475,1475,81654,217.61,155.0
1476,1476,81936,217.62,282.0
1477,1477,81937,217.28,1.0
1478,1478,82076,232.54,139.0
1479,1479,82382,217.36,306.0
1480,1480,82545,216.66,163.0
1481,1481,82851,214.8,306.0
1482,1482,82852,216.91,1.0
1483,1483,82853,214.89,1.0
1484,1484,83169,218.41,316.0
1485,1485,83311,213.39,142.0
1486,1486,83515,219.39,204.0
1487,1487,83625,219.37,110.0
1488,1488,83781,209.11,156.0
1489,1489,83983,207.74,202.0
1490,1490,84094,209.77,111.0
1491,1491,84294,212.53,200.0
1492,1492,84295,213.04,1.0
1493,1493,84667,208.97,372.0
1494,1494,84811,203.8,144.0
1495,1495,85311,210.27,500.0
1496,1496,85614,201.63,303.0
1497,1497,85761,202.61,147.0
1498,1498,85943,203.16,182.0
1499,1499,86345,196.38,402.0
1500,1500,86494,197.98,149.0
1501,1501,86646,205.26,152.0
1502,1502,86800,203.55,154.0
1503,1503,87018,201.23,218.0
1504,1504,87019,196.45,1.0
1505,1505,87020,199.57,1.0
1506,1506,87389,213.15,369.0
1507,1507,87549,210.34,160.0
1508,1508,87778,202.5,229.0
1509,1509,88095,212.29,317.0
1510,1510,88232,215.9,137.0
1511,1511,88402,216.35,170.0
1512,1512,88851,205.95,449.0
1513,1513,88999,213.67,148.0
1514,1514,89150,209.84,151.0
1515,1515,89278,215.19,128.0
1516,1516,89279,209.69,1.0
1517,1517,89496,220.55,217.0
1518,1518,89629,216.19,133.0
1519,1519,89831,218.9,202.0
1520,1520,89958,222.45,127.0
1521,1521,90126,214.39,168.0
1522,1522,90296,210.92,170.0
1523,1523,90564,217.88,268.0
1524,1524,90661,210.79,97.0
1525,1525,90966,219.07,305.0
1526,1526,91172,225.26,206.0
1527,1527,91446,222.74,274.0
1528,1528,91561,222.09,115.0
1529,1529,91743,228.01,182.0
1530,1530,91981,222.99,238.0
1531,1531,92185,221.08,204.0
1532,1532,92387,220.98,202.0
1533,1533,92527,225.3,140.0
1534,1534,92837,233.52,310.0
1535,1535,93204,216.44,367.0
1536,1536,93391,220.35,187.0
1537,1537,93548,210.61,157.0
1538,1538,93697,215.17,149.0
1539,1539,93698,212.8,1.0
1540,1540,93862,218.51,164.0
1541,1541,94362,209.62,500.0
1542,1542,94499,212.96,137.0
1543,1543,94638,209.22,139.0
1544,1544,94639,209.89,1.0
1545,1545,94837,224.67,198.0
1546,1546,94960,220.04,123.0
1547,1547,95208,218.68,248.0
1548,1548,95367,219.74,159.0
1549,1549,95531,220.42,164.0
1550,1550,95691,223.85,160.0
1551,1551,95954,226.49,263.0
1552,1552,96183,213.75,229.0
1553,1553,96367,216.16,184.0
1554,1554,96586,218.38,219.0
1555,1555,96867,214.47,281.0
1556,1556,97038,208.67,171.0
1557,1557,97216,217.89,178.0
1558,1558,97217,218.33,1.0
1559,1559,97342,215.3,125.0
1560,1560,97343,211.88,1.0
1561,1561,97344,215.26,1.0
1562,1562,97554,208.7,210.0
1563,1563,97657,213.98,103.0
1564,1564,97864,220.97,207.0
1565,1565,98065,217.83,201.0
1566,1566,98254,211.22,189.0
1567,1567,98401,222.13,147.0
1568,1568,98521,208.75,120.0
1569,1569,98851,225.26,330.0
1570,1570,98852,231.39,1.0
1571,1571,98853,227.66,1.0
1572,1572,98959,229.59,106.0
1573,1573,98960,231.95,1.0
1574,1574,98961,231.65,1.0
1575,1575,99083,229.17,122.0
1576,1576,99238,220.36,155.0
1577,1577,99239,220.97,1.0
1578,1578,99240,222.75,1.0
1579,1579,99423,227.14,183.0
1580,1580,99555,215.59,132.0
1581,1581,99707,213.38,152.0
1582,1582,99963,209.99,256.0
1583,1583,100106,216.15,143.0
1584,1584,100235,207.57,129.0
1585,1585,100411,207.77,176.0
1586,1586,100412,208.5,1.0
1587,1587,100772,214.12,360.0
1588,1588,100945,220.04,173.0
1589,1589,100946,214.57,1.0
1590,1590,101112,224.72,166.0
1591,1591,101224,214.56,112.0
1592,1592,101528,219.38,304.0
1593,1593,101666,222.07,138.0
1594,1594,101667,219.33,1.0
1595,1595,101668,214.56,1.0
1596,1596,101992,212.87,324.0
1597,1597,101993,216.38,1.0
1598,1598,102131,223.05,138.0
1599,1599,102281,211.93,150.0
1600,1600,102282,211.61,1.0
1601,1601,102504,209.5,222.0
1602,1602,102505,213.2,1.0
1603,1603,102811,223.83,306.0
1604,1604,102936,223.53,125.0
1605,1605,103046,219.55,110.0
1606,1606,103284,213.98,238.0
1607,1607,103558,213.66,274.0
1608,1608,103559,215.38,1.0
1609,1609,103831,211.0,272.0
1610,1610,103991,214.51,160.0
1611,1611,104237,218.92,246.0
1612,1612,104424,212.43,187.0
1613,1613,104553,209.38,129.0
1614,1614,104727,212.33,174.0
1615,1615,104886,207.46,159.0
1616,1616,105092,218.15,206.0
1617,1617,105482,227.32,390.0
1618,1618,105483,228.86,1.0
1619,1619,105665,208.82,182.0
1620,1620,105994,214.95,329.0
1621,1621,105995,213.95,1.0
1622,1622,106172,212.72,177.0
1623,1623,106563,217.32,391.0
1624,1624,106564,216.8,1.0
1625,1625,106565,219.3,1.0
1626,1626,106746,214.15,181.0
1627,1627,106935,206.74,189.0
1628,1628,107048,213.38,113.0
1629,1629,107049,210.91,1.0
1630,1630,107292,211.14,243.0
1631,1631,107470,210.59,178.0
1632,1632,107471,207.9,1.0
1633,1633,107575,217.79,104.0
1634,1634,107801,215.56,226.0
1635,1635,108005,217.02,204.0
1636,1636,108172,217.7,167.0
1637,1637,108316,224.45,144.0
1638,1638,108474,216.8,158.0
1639,1639,108729,210.26,255.0
1640,1640,108730,212.47,1.0
1641,1641,108890,215.12,160.0
1642,1642,109028,226.44,138.0
1643,1643,109459,210.69,431.0
1644,1644,109594,213.57,135.0
1645,1645,109760,219.43,166.0
1646,1646,109980,211.9,220.0
1647,1647,110085,219.26,105.0
1648,1648,110187,217.04,102.0
1649,1649,110329,217.02,142.0
1650,1650,110447,204.92,118.0
1651,1651,110581,210.31,134.0
1652,1652,110690,218.45,109.0
1653,1653,110835,218.59,145.0
1654,1654,111007,212.83,172.0
1655,1655,111236,215.29,229.0
1656,1656,111237,211.1,1.0
1657,1657,111499,212.34,262.0
1658,1658,111751,213.28,252.0
1659,1659,111911,221.95,160.0
1660,1660,111912,222.26,1.0
1661,1661,112041,211.64,129.0
1662,1662,112256,223.88,215.0
1663,1663,112378,214.32,122.0
1664,1664,112500,222.98,122.0
1665,1665,112731,213.58,231.0
1666,1666,112732,219.76,1.0
1667,1667,112889,213.5,157.0
1668,1668,113226,207.5,337.0
1669,1669,113471,211.68,245.0
1670,1670,113657,220.89,186.0
1671,1671,113774,209.88,117.0
1672,1672,113775,210.71,1.0
1673,1673,113962,208.17,187.0
1674,1674,114274,219.02,312.0
1675,1675,114488,208.49,214.0
1676,1676,114489,209.26,1.0
1677,1677,114709,216.96,220.0
1678,1678,114897,209.9,188.0
1679,1679,115129,211.96,232.0
1680,1680,115288,218.74,159.0
1681,1681,115648,205.51,360.0
1682,1682,115774,219.86,126.0
1683,1683,115775,218.78,1.0
1684,1684,115873,212.91,98.0
1685,1685,116108,213.64,235.0
1686,1686,116364,210.85,256.0
1687,1687,116365,212.07,1.0
1688,1688,116472,207.72,107.0
1689,1689,116789,213.22,317.0
1690,1690,116956,212.42,167.0
1691,1691,117056,218.95,100.0
1692,1692,117177,206.68,121.0
1693,1693,117351,208.41,174.0
1694,1694,117528,210.9,177.0
1695,1695,117529,215.98,1.0
1696,1696,117645,210.32,116.0
1697,1697,118046,226.69,401.0
1698,1698,118274,218.62,228.0
1699,1699,118774,218.04,500.0
1700,1700,118775,217.2,1.0
1701,1701,118949,217.39,174.0
1702,1702,119072,222.88,123.0
1703,1703,119349,222.61,277.0
1704,1704,119470,218.43,121.0
1705,1705,119763,227.27,293.0
1706,1706,119972,224.87,209.0
1707,1707,120090,225.27,118.0
1708,1708,120429,218.03,339.0
1709,1709,120430,225.08,1.0
1710,1710,120782,220.74,352.0
1711,1711,121187,211.87,405.0
1712,1712,121323,211.91,136.0
1713,1713,121536,207.9,213.0
1714,1714,121770,204.24,234.0
1715,1715,121913,223.92,143.0
1716,1716,121914,222.62,1.0
1717,1717,122330,213.21,416.0
1718,1718,122530,215.24,200.0
1719,1719,122720,200.65,190.0
1720,1720,122891,218.0,171.0
1721,1721,123009,210.31,118.0
1722,1722,123141,209.07,132.0
1723,1723,123394,213.66,253.0
1724,1724,123395,221.05,1.0
1725,1725,123527,215.06,132.0
1726,1726,123763,242.62,236.0
1727,1727,123864,228.72,101.0
1728,1728,124364,224.16,500.0
1729,1729,124864,217.38,500.0
1730,1730,125142,226.14,278.0
1731,1731,125642,226.91,500.0
1732,1732,125765,218.95,123.0
1733,1733,126025,226.17,260.0
1734,1734,126115,212.96,90.0
1735,1735,126116,217.44,1.0
1736,1736,126315,217.33,199.0
1737,1737,126604,208.55,289.0
1738,1738,126831,217.61,227.0
1739,1739,127184,217.85,353.0
1740,1740,127414,238.88,230.0
1741,1741,127914,215.05,500.0
1742,1742,128133,227.7,219.0
1743,1743,128485,209.38,352.0
1744,1744,128620,224.6,135.0
1745,1745,128798,212.74,178.0
1746,1746,128932,234.79,134.0
1747,1747,128933,236.7,1.0
1748,1748,129205,216.62,272.0
1749,1749,129206,220.71,1.0
1750,1750,129330,223.11,124.0
1751,1751,129613,213.03,283.0
1752,1752,130113,210.94,500.0
1753,1753,130114,214.86,1.0
1754,1754,130343,230.0,229.0
1755,1755,130344,227.13,1.0
1756,1756,130640,217.5,296.0
1757,1757,130641,212.18,1.0
1758,1758,130802,212.76,161.0
1759,1759,130980,214.48,178.0
1760,1760,131158,226.7,178.0
1761,1761,131458,215.02,300.0
1762,1762,131575,208.85,117.0
1763,1763,131755,216.74,180.0
1764,1764,131756,215.47,1.0
1765,1765,131895,222.41,139.0
1766,1766,132020,213.23,125.0
1767,1767,132156,239.47,136.0
1768,1768,132469,235.58,313.0
1769,1769,132575,231.11,106.0
1770,1770,132696,217.53,121.0
1771,1771,132873,226.79,177.0
1772,1772,132874,224.92,1.0
1773,1773,132982,202.08,108.0
1774,1774,133222,212.6,240.0
1775,1775,133372,205.07,150.0
1776,1776,133686,208.48,314.0
1777,1777,133886,204.96,200.0
1778,1778,134072,204.39,186.0
1779,1779,134073,204.98,1.0
1780,1780,134336,220.15,263.0
1781,1781,134459,216.27,123.0
1782,1782,134763,213.02,304.0
1783,1783,134974,211.07,211.0
1784,1784,135113,222.57,139.0
1785,1785,135319,216.24,206.0
1786,1786,135572,226.9,253.0
1787,1787,135573,227.18,1.0
1788,1788,135762,226.6,189.0
1789,1789,135991,221.46,229.0
1790,1790,136099,238.36,108.0
1791,1791,136245,223.39,146.0
1792,1792,136368,207.49,123.0
1793,1793,136868,242.94,500.0
1794,1794,137063,215.22,195.0
1795,1795,137278,215.0,215.0
1796,1796,137448,220.69,170.0
1797,1797,137630,222.91,182.0
1798,1798,137778,238.19,148.0
1799,1799,137956,238.3,178.0
1800,1800,137957,235.34,1.0
1801,1801,138359,234.51,402.0
1802,1802,138485,226.17,126.0
1803,1803,138486,218.25,1.0
1804,1804,138611,220.39,125.0
1805,1805,138735,213.12,124.0
1806,1806,138886,218.44,151.0
1807,1807,138887,220.23,1.0
1808,1808,139043,208.68,156.0
1809,1809,139175,219.12,132.0
1810,1810,139309,220.66,134.0
1811,1811,139310,219.31,1.0
1812,1812,139481,216.21,171.0
1813,1813,139822,220.26,341.0
1814,1814,139978,236.05,156.0
1815,1815,140243,212.18,265.0
1816,1816,140244,213.06,1.0
1817,1817,140559,220.46,315.0
1818,1818,140726,225.64,167.0
1819,1819,140861,218.1,135.0
1820,1820,141050,216.33,189.0
1821,1821,141273,222.1,223.0
1822,1822,141274,221.03,1.0
1823,1823,141438,219.0,164.0
1824,1824,141938,215.59,500.0
1825,1825,142304,230.41,366.0
1826,1826,142445,229.4,141.0
1827,1827,142612,233.78,167.0
1828,1828,142818,223.68,206.0
1829,1829,142941,212.29,123.0
1830,1830,143087,244.23,146.0
1831,1831,143088,244.2,1.0
1832,1832,143089,240.06,1.0
1833,1833,143205,246.58,116.0
1834,1834,143393,227.0,188.0
1835,1835,143539,221.58,146.0
1836,1836,143745,231.11,206.0
1837,1837,143917,232.26,172.0
1838,1838,144188,231.19,271.0
1839,1839,144333,234.06,145.0
1840,1840,144527,226.5,194.0
1841,1841,144995,223.52,468.0
1842,1842,145167,214.92,172.0
1843,1843,145468,222.84,301.0
1844,1844,145582,228.79,114.0
1845,1845,145750,229.44,168.0
1846,1846,146079,231.94,329.0
1847,1847,146344,223.08,265.0
1848,1848,146525,219.95,181.0
1849,1849,146743,219.02,218.0
1850,1850,146744,227.58,1.0
1851,1851,147244,234.13,500.0
1852,1852,147429,230.81,185.0
1853,1853,147594,228.42,165.0
1854,1854,147786,222.54,192.0
1855,1855,147945,230.98,159.0
1856,1856,148097,233.39,152.0
1857,1857,148376,230.39,279.0
1858,1858,148598,240.64,222.0
1859,1859,148755,229.68,157.0
1860,1860,148873,229.62,118.0
1861,1861,148874,236.28,1.0
1862,1862,148875,233.21,1.0
1863,1863,149002,228.33,127.0
1864,1864,149179,235.2,177.0
1865,1865,149332,226.26,153.0
1866,1866,149473,247.61,141.0
1867,1867,149607,263.05,134.0
1868,1868,149748,236.12,141.0
1869,1869,149983,235.86,235.0
1870,1870,150110,223.58,127.0
1871,1871,150280,241.34,170.0
1872,1872,150713,236.32,433.0
1873,1873,150987,232.68,274.0
1874,1874,150988,231.16,1.0
1875,1875,151127,226.45,139.0
1876,1876,151243,219.94,116.0
1877,1877,151387,229.1,144.0
1878,1878,151807,232.78,420.0
1879,1879,151808,239.01,1.0
1880,1880,151946,238.39,138.0
1881,1881,152232,222.34,286.0
1882,1882,152233,221.66,1.0
1883,1883,152234,222.32,1.0
1884,1884,152349,233.24,115.0
1885,1885,152616,238.19,267.0
1886,1886,153003,239.21,387.0
1887,1887,153146,248.77,143.0
1888,1888,153333,241.02,187.0
1889,1889,153790,227.65,457.0
1890,1890,154080,230.37,290.0
1891,1891,154250,236.0,170.0
1892,1892,154398,224.74,148.0
1893,1893,154399,222.38,1.0
1894,1894,154567,238.53,168.0
1895,1895,154847,229.31,280.0
1896,1896,154960,230.2,113.0
1897,1897,155328,218.56,368.0
1898,1898,155758,228.86,430.0
1899,1899,155917,224.66,159.0
1900,1900,156129,242.2,212.0
1901,1901,156315,228.57,186.0
1902,1902,156554,230.54,239.0
1903,1903,156770,234.1,216.0
1904,1904,157033,245.1,263.0
1905,1905,157156,233.47,123.0
1906,1906,157313,235.8,157.0
1907,1907,157599,234.48,286.0
1908,1908,157801,237.15,202.0
1909,1909,157959,244.91,158.0
1910,1910,158223,227.93,264.0
1911,1911,158224,237.79,1.0
1912,1912,158519,216.64,295.0
1913,1913,158816,218.36,297.0
1914,1914,158944,229.75,128.0
1915,1915,158945,224.63,1.0
1916,1916,159091,227.82,146.0
1917,1917,159227,225.74,136.0
1918,1918,159331,223.81,104.0
1919,1919,159505,225.54,174.0
1920,1920,159684,240.07,179.0
1921,1921,159685,225.03,1.0
1922,1922,159892,245.17,207.0
1923,1923,160326,242.97,434.0
1924,1924,160521,262.49,195.0
1925,1925,160683,308.49,162.0
1926,1926,160849,239.72,166.0
1927,1927,161026,255.84,177.0
1928,1928,161161,253.89,135.0
1929,1929,161270,285.43,109.0
1930,1930,161770,264.35,500.0
1931,1931,162081,242.77,311.0
1932,1932,162365,254.68,284.0
1933,1933,162495,256.74,130.0
1934,1934,162496,253.64,1.0
1935,1935,162497,248.46,1.0
1936,1936,162609,241.74,112.0
1937,1937,162745,259.54,136.0
1938,1938,162881,248.77,136.0
1939,1939,162882,250.45,1.0
1940,1940,163020,245.61,138.0
1941,1941,163164,249.12,144.0
1942,1942,163165,250.7,1.0
1943,1943,163307,262.79,142.0
1944,1944,163652,264.48,345.0
1945,1945,163949,265.62,297.0
1946,1946,164148,255.22,199.0
1947,1947,164149,259.62,1.0
1948,1948,164408,264.5,259.0
1949,1949,164527,280.15,119.0
1950,1950,164528,289.07,1.0
1951,1951,164713,256.37,185.0
1952,1952,164954,275.94,241.0
1953,1953,164955,270.98,1.0
1954,1954,165075,290.34,120.0
1955,1955,165230,275.79,155.0
1956,1956,165394,283.74,164.0
1957,1957,165645,305.45,251.0
1958,1958,165646,308.48,1.0
1959,1959,165822,270.48,176.0
1960,1960,165976,332.67,154.0
1961,1961,166155,347.62,179.0
1962,1962,166260,276.65,105.0
1963,1963,166435,288.84,175.0
1964,1964,166912,310.02,477.0
1965,1965,167356,355.13,444.0
1966,1966,167553,359.56,197.0
1967,1967,168053,341.49,500.0
1968,1968,168216,358.02,163.0
1969,1969,168217,357.99,1.0
1970,1970,168218,377.87,1.0
1971,1971,168362,324.01,144.0
1972,1972,168466,364.93,104.0
1973,1973,168612,282.34,146.0
1974,1974,168834,294.2,222.0
1975,1975,168980,318.35,146.0
1976,1976,169135,299.04,155.0
1977,1977,169136,300.21,1.0
1978,1978,169232,305.56,96.0
1979,1979,169361,298.18,129.0
1980,1980,169504,340.29,143.0
1981,1981,169699,259.07,195.0
1982,1982,170199,300.71,500.0
1983,1983,170334,272.32,135.0
1984,1984,170522,308.52,188.0
1985,1985,171022,371.44,500.0
1986,1986,171156,352.97,134.0
1987,1987,171263,374.69,107.0
1988,1988,171755,343.67,492.0
1989,1989,171889,370.64,134.0
1990,1990,172389,331.63,500.0
1991,1991,172494,332.52,105.0
1992,1992,172648,356.74,154.0
1993,1993,172649,329.98,1.0
1994,1994,172756,355.85,107.0
1995,1995,173014,358.01,258.0
1996,1996,173015,344.23,1.0
1997,1997,173515,283.82,500.0
1998,1998,173763,273.43,248.0
1999,1999,174263,332.85,500.0
2000,2000,174372,256.41,109.0
2001,2001,174373,252.8,1.0
2002,2002,174573,253.45,200.0
2003,2003,174858,306.82,285.0
2004,2004,174859,292.84,1.0
2005,2005,175025,320.39,166.0
2006,2006,175374,259.75,349.0
2007,2007,175874,290.33,500.0
2008,2008,175966,254.51,92.0
2009,2009,176116,270.92,150.0
2010,2010,176375,270.5,259.0
2011,2011,176376,258.96,1.0
2012,2012,176509,290.15,133.0
2013,2013,176788,277.32,279.0
2014,2014,177171,268.55,383.0
2015,2015,177295,235.63,124.0
2016,2016,177533,248.23,238.0
2017,2017,177705,284.2,172.0
2018,2018,177838,371.55,133.0
2019,2019,178089,300.2,251.0
2020,2020,178372,341.98,283.0
2021,2021,178511,251.49,139.0
2022,2022,178731,263.66,220.0
2023,2023,178897,325.29,166.0
2024,2024,179138,342.64,241.0
2025,2025,179321,296.97,183.0
2026,2026,179821,310.87,500.0
2027,2027,179822,314.27,1.0
2028,2028,180221,373.4,399.0
2029,2029,180410,385.98,189.0
2030,2030,180411,358.21,1.0
2031,2031,180911,375.42,500.0
2032,2032,181009,352.21,98.0
2033,2033,181153,383.25,144.0
2034,2034,181653,347.03,500.0
2035,2035,181974,384.18,321.0
2036,2036,182132,342.42,158.0
2037,2037,182270,318.95,138.0
2038,2038,182519,354.63,249.0
2039,2039,183019,384.85,500.0
2040,2040,183519,380.03,500.0
2041,2041,184019,369.21,500.0
2042,2042,184182,314.96,163.0
2043,2043,184682,278.27,500.0
2044,2044,184846,368.11,164.0
2045,2045,185346,361.14,500.0
2046,2046,185846,338.35,500.0
2047,2047,186002,362.13,156.0
2048,2048,186459,277.78,457.0
2049,2049,186789,344.07,330.0
2050,2050,186885,355.95,96.0
2051,2051,187385,379.1,500.0
2052,2052,187546,376.68,161.0
2053,2053,187660,342.49,114.0
2054,2054,187759,338.23,99.0
2055,2055,187838,361.57,79.0
2056,2056,187951,347.02,113.0
2057,2057,188070,398.55,119.0
2058,2058,188257,357.8,187.0
2059,2059,188757,341.6,500.0
2060,2060,189257,337.48,500.0
2061,2061,189465,361.06,208.0
2062,2062,189625,392.63,160.0
2063,2063,189626,386.29,1.0
2064,2064,189627,391.17,1.0
2065,2065,189777,403.68,150.0
2066,2066,189876,377.95,99.0
2067,2067,190049,325.65,173.0
2068,2068,190196,361.74,147.0
2069,2069,190378,358.82,182.0
2070,2070,190512,372.55,134.0
2071,2071,190673,334.26,161.0
2072,2072,190913,394.86,240.0
2073,2073,191413,326.47,500.0
2074,2074,191913,396.37,500.0
2075,2075,192045,367.76,132.0
2076,2076,192545,393.69,500.0
2077,2077,192814,380.85,269.0
2078,2078,193314,380.47,500.0
2079,2079,193515,377.77,201.0
2080,2080,193516,387.74,1.0
2081,2081,193517,380.13,1.0
2082,2082,193674,385.28,157.0
2083,2083,193815,351.42,141.0
2084,2084,193951,423.69,136.0
2085,2085,194451,392.14,500.0
2086,2086,194951,394.73,500.0
2087,2087,194952,398.51,1.0
2088,2088,195301,403.94,349.0
2089,2089,195415,405.37,114.0
2090,2090,195915,372.98,500.0
2091,2091,196079,393.6,164.0
2092,2092,196230,393.24,151.0
2093,2093,196496,410.73,266.0
2094,2094,196497,386.72,1.0
2095,2095,196891,408.39,394.0
2096,2096,197042,374.49,151.0
2097,2097,197542,423.09,500.0
2098,2098,197763,390.02,221.0
2099,2099,197908,415.56,145.0
2100,2100,198251,395.99,343.0
2101,2101,198252,401.54,1.0
2102,2102,198398,414.14,146.0
2103,2103,198898,394.87,500.0
2104,2104,199186,381.91,288.0
2105,2105,199686,435.79,500.0
2106,2106,199892,405.99,206.0
2107,2107,200048,394.92,156.0
2108,2108,200249,414.15,201.0
2109,2109,200563,400.13,314.0
2110,2110,200967,396.58,404.0
2111,2111,201131,431.71,164.0
2112,2112,201237,415.06,106.0
2113,2113,201546,415.63,309.0
2114,2114,201547,423.89,1.0
2115,2115,201803,445.73,256.0
2116,2116,201933,411.9,130.0
2117,2117,202146,385.72,213.0
2118,2118,202261,373.87,115.0
2119,2119,202761,375.52,500.0
2120,2120,202917,391.46,156.0
2121,2121,203023,408.47,106.0
2122,2122,203170,407.91,147.0
2123,2123,203171,405.45,1.0
2124,2124,203353,377.11,182.0
2125,2125,203841,400.72,488.0
2126,2126,204052,408.72,211.0
2127,2127,204158,415.35,106.0
2128,2128,204316,406.3,158.0
2129,2129,204439,398.0,123.0
2130,2130,204887,395.64,448.0
2131,2131,205027,380.42,140.0
2132,2132,205118,389.74,91.0
2133,2133,205292,428.12,174.0
2134,2134,205522,420.73,230.0
2135,2135,205660,411.82,138.0
2136,2136,205885,411.56,225.0
2137,2137,206385,419.86,500.0
2138,2138,206885,419.06,500.0
2139,2139,207095,417.45,210.0
2140,2140,207595,430.26,500.0
2141,2141,208095,402.67,500.0
2142,2142,208096,435.64,1.0
2143,2143,208333,428.71,237.0
2144,2144,208470,441.96,137.0
2145,2145,208970,431.93,500.0
2146,2146,209470,400.97,500.0
2147,2147,209611,437.66,141.0
2148,2148,209751,433.35,140.0
2149,2149,209752,450.33,1.0
2150,2150,209908,424.12,156.0
2151,2151,210396,410.32,488.0
2152,2152,210896,428.63,500.0
2153,2153,210982,438.15,86.0
2154,2154,211128,446.64,146.0
2155,2155,211252,452.3,124.0
2156,2156,211752,458.88,500.0
2157,2157,212252,429.83,500.0
2158,2158,212253,415.64,1.0
2159,2159,212376,406.68,123.0
2160,2160,212506,418.31,130.0
2161,2161,212718,421.81,212.0
2162,2162,212842,420.2,124.0
2163,2163,212963,446.25,121.0
2164,2164,213216,442.01,253.0
2165,2165,213217,454.24,1.0
2166,2166,213218,437.06,1.0
2167,2167,213359,411.85,141.0
2168,2168,213859,446.86,500.0
2169,2169,214025,427.99,166.0
2170,2170,214026,443.56,1.0
2171,2171,214157,433.62,131.0
2172,2172,214307,439.55,150.0
2173,2173,214593,451.62,286.0
2174,2174,215086,445.48,493.0
2175,2175,215236,446.85,150.0
2176,2176,215444,450.82,208.0
2177,2177,215633,450.79,189.0
2178,2178,216133,448.99,500.0
2179,2179,216238,442.09,105.0
2180,2180,216738,447.56,500.0
2181,2181,216952,448.71,214.0
2182,2182,217088,440.31,136.0
2183,2183,217536,419.38,448.0
2184,2184,217643,451.22,107.0
2185,2185,217853,447.25,210.0
2186,2186,218037,430.99,184.0
2187,2187,218125,440.86,88.0
2188,2188,218217,434.31,92.0
2189,2189,218364,439.73,147.0
2190,2190,218864,467.84,500.0
2191,2191,219030,458.65,166.0
2192,2192,219366,459.95,336.0
2193,2193,219462,433.51,96.0
2194,2194,219710,418.35,248.0
2195,2195,219711,433.32,1.0
2196,2196,220211,440.2,500.0
2197,2197,220596,468.51,385.0
2198,2198,220698,435.11,102.0
2199,2199,221198,430.82,500.0
2200,2200,221305,441.13,107.0
2201,2201,221805,457.42,500.0
2202,2202,221962,439.55,157.0
2203,2203,222123,417.95,161.0
2204,2204,222238,454.36,115.0
2205,2205,222341,443.4,103.0
2206,2206,222476,412.8,135.0
2207,2207,222643,454.3,167.0
2208,2208,222811,446.08,168.0
2209,2209,223009,469.69,198.0
2210,2210,223010,469.37,1.0
2211,2211,223121,462.9,111.0
2212,2212,223220,434.29,99.0
2213,2213,223221,454.88,1.0
2214,2214,223620,450.33,399.0
2215,2215,223902,458.06,282.0
2216,2216,224085,457.96,183.0
2217,2217,224086,450.99,1.0
2218,2218,224087,441.21,1.0
2219,2219,224088,459.59,1.0
2220,2220,224588,453.78,500.0
2221,2221,224998,452.78,410.0
2222,2222,225191,478.38,193.0
2223,2223,225543,465.99,352.0
2224,2224,225643,459.96,100.0
2225,2225,225644,457.46,1.0
2226,2226,226144,466.44,500.0
2227,2227,226415,458.56,271.0
2228,2228,226537,478.75,122.0
2229,2229,226707,460.67,170.0
2230,2230,226889,478.74,182.0
2231,2231,227389,460.18,500.0
2232,2232,227889,475.9,500.0
2233,2233,228039,469.88,150.0
2234,2234,228539,479.76,500.0
2235,2235,228624,472.32,85.0
2236,2236,228805,482.34,181.0
2237,2237,228806,464.44,1.0
2238,2238,229190,473.75,384.0
2239,2239,229191,470.12,1.0
2240,2240,229691,476.62,500.0
2241,2241,229851,483.58,160.0
2242,2242,229990,481.3,139.0
2243,2243,230484,470.95,494.0
2244,2244,230984,464.63,500.0
2245,2245,231162,479.36,178.0
2246,2246,231662,469.72,500.0
2247,2247,231765,475.33,103.0
2248,2248,231886,486.59,121.0
2249,2249,232386,482.77,500.0
2250,2250,232509,481.4,123.0
2251,2251,232510,482.39,1.0
2252,2252,232635,475.08,125.0
2253,2253,232739,471.03,104.0
2254,2254,233136,469.65,397.0
2255,2255,233559,478.27,423.0
2256,2256,233956,482.0,397.0
2257,2257,234072,481.9,116.0
2258,2258,234263,484.46,191.0
2259,2259,234375,468.73,112.0
2260,2260,234875,478.12,500.0
2261,2261,235296,470.25,421.0
2262,2262,235430,483.58,134.0
2263,2263,235532,490.74,102.0
2264,2264,235670,478.29,138.0
2265,2265,235851,479.75,181.0
2266,2266,235937,486.75,86.0
2267,2267,236348,485.25,411.0
2268,2268,236848,470.07,500.0
2269,2269,236974,470.76,126.0
2270,2270,237330,483.32,356.0
2271,2271,237822,481.45,492.0
2272,2272,238254,483.36,432.0
2273,2273,238609,486.01,355.0
2274,2274,238735,476.17,126.0
2275,2275,239092,461.62,357.0
2276,2276,239093,483.77,1.0
2277,2277,239593,483.52,500.0
2278,2278,239749,484.23,156.0
2279,2279,239892,489.94,143.0
2280,2280,240318,481.57,426.0
2281,2281,240414,481.92,96.0
2282,2282,240614,483.42,200.0
2283,2283,240615,476.86,1.0
2284,2284,241034,488.57,419.0
2285,2285,241035,473.48,1.0
2286,2286,241225,481.57,190.0
2287,2287,241720,487.93,495.0
2288,2288,241868,483.84,148.0
2289,2289,241869,473.92,1.0
2290,2290,242301,484.62,432.0
2291,2291,242302,487.38,1.0
2292,2292,242667,483.86,365.0
2293,2293,243167,486.69,500.0
2294,2294,243667,486.06,500.0
2295,2295,243890,468.01,223.0
2296,2296,244390,464.17,500.0
2297,2297,244750,476.33,360.0
2298,2298,245250,474.09,500.0
2299,2299,245545,469.75,295.0
2300,2300,246012,481.77,467.0
2301,2301,246432,476.73,420.0
2302,2302,246555,471.02,123.0
2303,2303,246764,468.76,209.0
2304,2304,246877,474.67,113.0
2305,2305,246878,476.02,1.0
2306,2306,247013,474.02,135.0
2307,2307,247383,469.55,370.0
2308,2308,247384,481.69,1.0
2309,2309,247526,470.8,142.0
2310,2310,247725,459.65,199.0
2311,2311,247830,471.88,105.0
2312,2312,248222,468.22,392.0
2313,2313,248223,463.58,1.0
2314,2314,248473,474.0,250.0
2315,2315,248973,481.19,500.0
2316,2316,249102,472.35,129.0
2317,2317,249103,479.79,1.0
2318,2318,249466,466.78,363.0
2319,2319,249857,478.91,391.0
2320,2320,249858,469.1,1.0
2321,2321,250037,479.13,179.0
2322,2322,250174,475.19,137.0
2323,2323,250531,465.11,357.0
2324,2324,250993,484.0,462.0
2325,2325,251213,468.87,220.0
2326,2326,251214,465.31,1.0
2327,2327,251357,475.83,143.0
2328,2328,251722,475.24,365.0
2329,2329,252174,467.93,452.0
2330,2330,252635,461.28,461.0
2331,2331,253052,475.04,417.0
2332,2332,253405,467.32,353.0
2333,2333,253406,460.45,1.0
2334,2334,253730,465.02,324.0
2335,2335,254110,470.79,380.0
2336,2336,254111,463.77,1.0
2337,2337,254559,469.22,448.0
2338,2338,254744,463.66,185.0
2339,2339,255132,465.06,388.0
2340,2340,255447,457.9,315.0
2341,2341,255599,453.4,152.0
2342,2342,255600,447.67,1.0
2343,2343,255693,450.25,93.0
2344,2344,256193,455.73,500.0
2345,2345,256314,442.87,121.0
2346,2346,256741,436.91,427.0
2347,2347,256742,440.42,1.0
2348,2348,257242,448.63,500.0
2349,2349,257665,458.79,423.0
2350,2350,257788,443.55,123.0
2351,2351,257789,443.27,1.0
2352,2352,257912,454.27,123.0
2353,2353,257913,455.78,1.0
2354,2354,258413,460.06,500.0
2355,2355,258724,456.88,311.0
2356,2356,259194,450.72,470.0
2357,2357,259594,452.38,400.0
2358,2358,259712,444.49,118.0
2359,2359,259817,440.42,105.0
2360,2360,259912,453.17,95.0
2361,2361,260305,456.74,393.0
2362,2362,260805,453.86,500.0
2363,2363,261105,433.95,300.0
2364,2364,261245,435.85,140.0
2365,2365,261246,435.61,1.0
2366,2366,261627,431.41,381.0
2367,2367,262026,435.0,399.0
2368,2368,262408,436.98,382.0
2369,2369,262784,449.47,376.0
2370,2370,262939,439.22,155.0
2371,2371,263439,434.89,500.0
2372,2372,263440,433.11,1.0
2373,2373,263545,431.51,105.0
2374,2374,263942,433.9,397.0
2375,2375,264071,440.91,129.0
2376,2376,264215,424.67,144.0
2377,2377,264603,446.22,388.0
2378,2378,264767,434.72,164.0
2379,2379,264894,434.02,127.0
2380,2380,265252,446.63,358.0
2381,2381,265608,436.44,356.0
2382,2382,266009,427.6,401.0
2383,2383,266145,424.68,136.0
2384,2384,266289,422.97,144.0
2385,2385,266715,428.74,426.0
2386,2386,267138,425.23,423.0
2387,2387,267528,432.89,390.0
2388,2388,267877,427.12,349.0
2389,2389,268285,417.99,408.0
2390,2390,268513,422.97,228.0
2391,2391,268927,428.96,414.0
2392,2392,269061,428.49,134.0
2393,2393,269197,420.43,136.0
2394,2394,269330,419.58,133.0
2395,2395,269762,420.49,432.0
2396,2396,270149,416.7,387.0
2397,2397,270150,416.08,1.0
2398,2398,270504,424.25,354.0
2399,2399,270843,422.59,339.0
2400,2400,271190,422.39,347.0
2401,2401,271191,420.05,1.0
2402,2402,271508,424.45,317.0
2403,2403,271642,417.69,134.0
2404,2404,271878,417.79,236.0
2405,2405,272222,425.15,344.0
2406,2406,272557,421.7,335.0
2407,2407,272558,422.54,1.0
2408,2408,273004,417.17,446.0
2409,2409,273128,424.38,124.0
2410,2410,273598,417.7,470.0
2411,2411,273971,419.15,373.0
2412,2412,273972,420.07,1.0
2413,2413,274326,420.92,354.0
2414,2414,274327,422.55,1.0
2415,2415,274739,423.02,412.0
2416,2416,275145,419.19,406.0
2417,2417,275479,417.46,334.0
2418,2418,275585,420.45,106.0
2419,2419,275983,416.98,398.0
2420,2420,276316,417.07,333.0
2421,2421,276816,423.36,500.0
2422,2422,277287,422.57,471.0
2423,2423,277288,422.01,1.0
2424,2424,277729,425.12,441.0
2425,2425,277730,421.63,1.0
2426,2426,278103,419.62,373.0
2427,2427,278470,423.86,367.0
2428,2428,278471,424.51,1.0
2429,2429,278842,424.62,371.0
2430,2430,278979,419.76,137.0
2431,2431,279366,427.45,387.0
2432,2432,279794,426.29,428.0
2433,2433,280201,429.1,407.0
2434,2434,280685,427.49,484.0
2435,2435,280686,425.94,1.0
2436,2436,281148,432.6,462.0
2437,2437,281559,433.23,411.0
2438,2438,281932,430.55,373.0
2439,2439,281933,428.36,1.0
2440,2440,281934,428.01,1.0
2441,2441,282345,433.64,411.0
2442,2442,282488,435.08,143.0
2443,2443,282884,436.52,396.0
2444,2444,282885,435.46,1.0
2445,2445,283281,440.12,396.0
2446,2446,283699,439.99,418.0
2447,2447,283700,439.89,1.0
2448,2448,283701,441.42,1.0
2449,2449,284115,443.13,414.0
2450,2450,284521,440.76,406.0
2451,2451,284736,443.46,215.0
2452,2452,284737,447.37,1.0
2453,2453,285101,445.96,364.0
2454,2454,285468,442.57,367.0
2455,2455,285469,441.37,1.0
2456,2456,285886,439.7,417.0
2457,2457,286031,444.33,145.0
2458,2458,286381,446.55,350.0
2459,2459,286826,446.31,445.0
2460,2460,287171,454.22,345.0
2461,2461,287298,449.16,127.0
2462,2462,287460,455.31,162.0
2463,2463,287875,461.69,415.0
2464,2464,288309,460.05,434.0
2465,2465,288424,460.5,115.0
2466,2466,288824,457.47,400.0
2467,2467,289217,456.99,393.0
2468,2468,289389,454.84,172.0
2469,2469,289889,459.56,500.0
2470,2470,290309,462.09,420.0
2471,2471,290739,462.44,430.0
2472,2472,291202,464.98,463.0
2473,2473,291601,471.82,399.0
2474,2474,291602,468.33,1.0
2475,2475,292102,476.54,500.0
2476,2476,292305,476.0,203.0
2477,2477,292772,472.4,467.0
2478,2478,292905,474.19,133.0
2479,2479,293171,476.93,266.0
2480,2480,293570,478.52,399.0
2481,2481,293997,479.09,427.0
2482,2482,293998,480.55,1.0
2483,2483,294425,475.86,427.0
2484,2484,294925,482.6,500.0
2485,2485,295425,487.34,500.0
2486,2486,295834,487.21,409.0
2487,2487,296050,490.26,216.0
2488,2488,296051,491.18,1.0
2489,2489,296539,493.23,488.0
2490,2490,296980,493.81,441.0
2491,2491,297444,494.24,464.0
2492,2492,297885,494.13,441.0
2493,2493,298385,493.5,500.0
2494,2494,298850,494.86,465.0
2495,2495,298851,496.21,1.0
2496,2496,299336,497.85,485.0
2497,2497,299528,498.14,192.0
2498,2498,300025,498.63,497.0
2499,2499,300252,498.63,227.0
2500,2500,300752,499.86,500.0
2501,2501,301232,500.0,480.0
2502,2502,301233,499.88,1.0
2503,2503,301234,498.79,1.0
2504,2504,301734,500.0,500.0
2505,2505,302234,500.0,500.0
2506,2506,302719,498.23,485.0
2507,2507,303197,500.0,478.0
2508,2508,303697,499.42,500.0
2509,2509,304197,500.0,500.0
2510,2510,304697,500.0,500.0
2511,2511,305197,499.82,500.0
2512,2512,305372,500.0,175.0
2513,2513,305872,500.0,500.0
2514,2514,306372,500.0,500.0
2515,2515,306872,500.0,500.0
2516,2516,307019,500.0,147.0
