,Episode,Time Step,Average Reward,Episode Reward
0,0,9,9.54,9.0
1,1,14,9.49,5.0
2,2,27,9.37,13.0
3,3,44,9.32,17.0
4,4,48,9.31,4.0
5,5,75,9.39,27.0
6,6,95,9.47,20.0
7,7,117,9.47,22.0
8,8,153,9.36,36.0
9,9,163,9.33,10.0
10,10,174,9.48,11.0
11,11,187,9.25,13.0
12,12,192,9.45,5.0
13,13,200,9.46,8.0
14,14,210,9.31,10.0
15,15,219,9.37,9.0
16,16,236,9.27,17.0
17,17,254,9.44,18.0
18,18,268,9.36,14.0
19,19,272,9.28,4.0
20,20,278,9.42,6.0
21,21,300,9.42,22.0
22,22,309,9.46,9.0
23,23,334,9.36,25.0
24,24,351,9.24,17.0
25,25,361,9.39,10.0
26,26,380,9.44,19.0
27,27,403,9.4,23.0
28,28,422,9.49,19.0
29,29,450,9.41,28.0
30,30,454,9.33,4.0
31,31,461,9.42,7.0
32,32,487,9.43,26.0
33,33,515,9.34,28.0
34,34,528,9.22,13.0
35,35,541,9.35,13.0
36,36,558,9.26,17.0
37,37,563,9.35,5.0
38,38,578,9.54,15.0
39,39,592,9.37,14.0
40,40,606,9.2,14.0
41,41,613,9.46,7.0
42,42,633,9.33,20.0
43,43,646,9.35,13.0
44,44,666,9.38,20.0
45,45,679,9.27,13.0
46,46,686,9.36,7.0
47,47,749,9.44,63.0
48,48,764,9.46,15.0
49,49,773,9.26,9.0
50,50,792,9.32,19.0
51,51,799,9.38,7.0
52,52,822,9.25,23.0
53,53,878,9.35,56.0
54,54,901,9.23,23.0
55,55,908,9.38,7.0
56,56,932,9.23,24.0
57,57,951,9.32,19.0
58,58,997,9.56,46.0
59,59,1017,9.27,20.0
60,60,1029,9.28,12.0
61,61,1043,9.36,14.0
62,62,1052,9.42,9.0
63,63,1065,9.37,13.0
64,64,1083,9.21,18.0
65,65,1098,9.37,15.0
66,66,1119,9.36,21.0
67,67,1137,9.19,18.0
68,68,1157,9.4,20.0
69,69,1180,9.39,23.0
70,70,1185,9.33,5.0
71,71,1191,9.4,6.0
72,72,1205,9.72,14.0
73,73,1229,9.58,24.0
74,74,1247,9.79,18.0
75,75,1278,10.04,31.0
76,76,1281,10.11,3.0
77,77,1313,10.07,32.0
78,78,1319,10.11,6.0
79,79,1341,10.0,22.0
80,80,1355,10.13,14.0
81,81,1371,10.6,16.0
82,82,1374,10.62,3.0
83,83,1379,10.44,5.0
84,84,1398,10.8,19.0
85,85,1418,10.91,20.0
86,86,1482,10.96,64.0
87,87,1501,10.89,19.0
88,88,1518,10.84,17.0
89,89,1567,11.18,49.0
90,90,1571,10.87,4.0
91,91,1593,11.08,22.0
92,92,1628,11.14,35.0
93,93,1645,11.0,17.0
94,94,1658,11.2,13.0
95,95,1670,11.12,12.0
96,96,1684,11.29,14.0
97,97,1691,11.18,7.0
98,98,1697,11.24,6.0
99,99,1708,11.01,11.0
100,100,1721,11.09,13.0
101,101,1731,11.0,10.0
102,102,1744,10.78,13.0
103,103,1758,11.2,14.0
104,104,1784,11.59,26.0
105,105,1795,11.28,11.0
106,106,1802,11.96,7.0
107,107,1808,12.07,6.0
108,108,1821,12.16,13.0
109,109,1842,11.75,21.0
110,110,1862,11.82,20.0
111,111,1871,12.11,9.0
112,112,1886,12.3,15.0
113,113,1898,12.31,12.0
114,114,1907,12.29,9.0
115,115,1934,11.73,27.0
116,116,1938,12.07,4.0
117,117,1954,11.5,16.0
118,118,1967,11.81,13.0
119,119,1978,12.02,11.0
120,120,1990,11.84,12.0
121,121,2009,11.93,19.0
122,122,2018,11.89,9.0
123,123,2045,12.27,27.0
124,124,2049,12.15,4.0
125,125,2074,11.86,25.0
126,126,2091,11.84,17.0
127,127,2153,12.52,62.0
128,128,2162,12.45,9.0
129,129,2180,12.42,18.0
130,130,2194,12.12,14.0
131,131,2204,12.49,10.0
132,132,2222,12.66,18.0
133,133,2253,12.42,31.0
134,134,2256,12.28,3.0
135,135,2266,12.45,10.0
136,136,2284,12.07,18.0
137,137,2303,12.53,19.0
138,138,2323,12.01,20.0
139,139,2353,12.61,30.0
140,140,2376,12.27,23.0
141,141,2394,12.39,18.0
142,142,2412,12.44,18.0
143,143,2424,12.58,12.0
144,144,2437,13.2,13.0
145,145,2454,12.87,17.0
146,146,2461,13.11,7.0
147,147,2477,12.63,16.0
148,148,2494,12.57,17.0
149,149,2502,12.8,8.0
150,150,2549,11.95,47.0
151,151,2560,12.69,11.0
152,152,2570,13.29,10.0
153,153,2584,13.65,14.0
154,154,2592,13.6,8.0
155,155,2605,14.1,13.0
156,156,2615,14.37,10.0
157,157,2631,13.87,16.0
158,158,2642,13.15,11.0
159,159,2660,13.29,18.0
160,160,2684,13.02,24.0
161,161,2703,13.33,19.0
162,162,2713,13.5,10.0
163,163,2725,13.86,12.0
164,164,2729,14.04,4.0
165,165,2751,14.25,22.0
166,166,2770,13.19,19.0
167,167,2789,13.48,19.0
168,168,2842,13.87,53.0
169,169,2860,14.81,18.0
170,170,2874,14.77,14.0
171,171,2882,14.87,8.0
172,172,2892,15.16,10.0
173,173,2900,14.97,8.0
174,174,2930,14.85,30.0
175,175,2937,15.07,7.0
176,176,2955,14.46,18.0
177,177,2959,14.16,4.0
178,178,2971,13.76,12.0
179,179,2987,13.74,16.0
180,180,3016,13.82,29.0
181,181,3029,13.67,13.0
182,182,3036,13.91,7.0
183,183,3046,14.66,10.0
184,184,3070,13.34,24.0
185,185,3078,13.33,8.0
186,186,3084,13.46,6.0
187,187,3112,14.97,28.0
188,188,3119,15.22,7.0
189,189,3149,15.52,30.0
190,190,3170,14.91,21.0
191,191,3177,14.94,7.0
192,192,3193,15.28,16.0
193,193,3201,15.31,8.0
194,194,3224,15.25,23.0
195,195,3274,14.89,50.0
196,196,3290,15.14,16.0
197,197,3299,15.88,9.0
198,198,3318,16.21,19.0
199,199,3343,15.74,25.0
200,200,3388,15.21,45.0
201,201,3409,15.15,21.0
202,202,3424,15.55,15.0
203,203,3444,16.17,20.0
204,204,3448,15.85,4.0
205,205,3461,15.77,13.0
206,206,3474,16.07,13.0
207,207,3487,15.85,13.0
208,208,3494,15.2,7.0
209,209,3501,15.75,7.0
210,210,3508,16.09,7.0
211,211,3529,15.13,21.0
212,212,3549,16.03,20.0
213,213,3588,15.65,39.0
214,214,3614,15.13,26.0
215,215,3630,15.4,16.0
216,216,3683,14.78,53.0
217,217,3703,15.16,20.0
218,218,3714,15.29,11.0
219,219,3736,15.13,22.0
220,220,3756,15.61,20.0
221,221,3793,16.17,37.0
222,222,3818,15.06,25.0
223,223,3868,16.33,50.0
224,224,3880,16.32,12.0
225,225,3888,16.04,8.0
226,226,3894,15.73,6.0
227,227,3897,16.11,3.0
228,228,3912,15.67,15.0
229,229,3917,16.1,5.0
230,230,3930,16.19,13.0
231,231,3935,15.83,5.0
232,232,3965,18.24,30.0
233,233,3989,17.11,24.0
234,234,4016,16.25,27.0
235,235,4033,16.41,17.0
236,236,4041,16.22,8.0
237,237,4046,15.79,5.0
238,238,4051,15.86,5.0
239,239,4055,16.36,4.0
240,240,4065,16.02,10.0
241,241,4089,16.78,24.0
242,242,4099,16.88,10.0
243,243,4137,18.72,38.0
244,244,4170,19.17,33.0
245,245,4185,18.02,15.0
246,246,4200,17.39,15.0
247,247,4215,18.66,15.0
248,248,4229,18.35,14.0
249,249,4274,16.58,45.0
250,250,4293,17.4,19.0
251,251,4341,20.33,48.0
252,252,4361,19.42,20.0
253,253,4385,17.77,24.0
254,254,4396,17.89,11.0
255,255,4439,16.63,43.0
256,256,4465,17.13,26.0
257,257,4479,18.96,14.0
258,258,4499,20.9,20.0
259,259,4509,21.45,10.0
260,260,4512,21.86,3.0
261,261,4523,19.88,11.0
262,262,4533,19.66,10.0
263,263,4541,19.05,8.0
264,264,4545,18.81,4.0
265,265,4621,20.61,76.0
266,266,4651,19.67,30.0
267,267,4729,22.49,78.0
268,268,4740,21.71,11.0
269,269,4754,18.37,14.0
270,270,4787,19.25,33.0
271,271,4791,19.54,4.0
272,272,4803,20.79,12.0
273,273,4812,21.24,9.0
274,274,4835,22.36,23.0
275,275,4838,22.02,3.0
276,276,4847,21.52,9.0
277,277,4879,22.95,32.0
278,278,4891,22.59,12.0
279,279,4901,22.81,10.0
280,280,4920,20.94,19.0
281,281,4940,20.42,20.0
282,282,4972,21.21,32.0
283,283,5006,23.89,34.0
284,284,5023,24.68,17.0
285,285,5055,24.38,32.0
286,286,5081,23.16,26.0
287,287,5103,21.14,22.0
288,288,5177,23.94,74.0
289,289,5187,23.88,10.0
290,290,5191,24.87,4.0
291,291,5206,23.48,15.0
292,292,5224,23.01,18.0
293,293,5241,22.1,17.0
294,294,5267,22.14,26.0
295,295,5321,22.12,54.0
296,296,5337,23.12,16.0
297,297,5344,24.22,7.0
298,298,5366,22.85,22.0
299,299,5376,22.97,10.0
300,300,5425,25.05,49.0
301,301,5447,24.25,22.0
302,302,5472,24.0,25.0
303,303,5499,23.81,27.0
304,304,5511,23.72,12.0
305,305,5548,23.17,37.0
306,306,5583,26.06,35.0
307,307,5596,26.1,13.0
308,308,5610,24.99,14.0
309,309,5620,23.29,10.0
310,310,5632,22.79,12.0
311,311,5637,22.83,5.0
312,312,5648,21.5,11.0
313,313,5660,23.35,12.0
314,314,5670,23.09,10.0
315,315,5729,25.17,59.0
316,316,5753,25.22,24.0
317,317,5785,25.96,32.0
318,318,5844,23.02,59.0
319,319,5854,23.83,10.0
320,320,5913,22.11,59.0
321,321,5919,22.39,6.0
322,322,5949,25.43,30.0
323,323,5987,24.15,38.0
324,324,5994,25.72,7.0
325,325,6036,27.47,42.0
326,326,6059,30.04,23.0
327,327,6081,26.67,22.0
328,328,6103,28.1,22.0
329,329,6115,27.3,12.0
330,330,6151,30.72,36.0
331,331,6172,27.96,21.0
332,332,6178,27.68,6.0
333,333,6183,26.61,5.0
334,334,6269,32.48,86.0
335,335,6291,38.48,22.0
336,336,6295,36.93,4.0
337,337,6311,33.65,16.0
338,338,6339,27.58,28.0
339,339,6366,25.4,27.0
340,340,6375,25.54,9.0
341,341,6405,26.86,30.0
342,342,6431,27.45,26.0
343,343,6440,28.42,9.0
344,344,6451,32.27,11.0
345,345,6464,32.21,13.0
346,346,6469,32.0,5.0
347,347,6490,30.4,21.0
348,348,6509,29.2,19.0
349,349,6518,28.49,9.0
350,350,6550,26.96,32.0
351,351,6558,27.21,8.0
352,352,6596,31.65,38.0
353,353,6660,30.65,64.0
354,354,6747,28.79,87.0
355,355,6750,29.22,3.0
356,356,6765,30.08,15.0
357,357,6786,33.53,21.0
358,358,6810,33.37,24.0
359,359,6828,31.3,18.0
360,360,6846,29.74,18.0
361,361,6850,29.11,4.0
362,362,6894,33.4,44.0
363,363,6948,34.44,54.0
364,364,7003,28.53,55.0
365,365,7053,31.55,50.0
366,366,7101,28.29,48.0
367,367,7111,28.28,10.0
368,368,7125,29.77,14.0
369,369,7173,32.6,48.0
370,370,7197,32.32,24.0
371,371,7219,33.41,22.0
372,372,7242,39.45,23.0
373,373,7307,44.15,65.0
374,374,7313,43.15,6.0
375,375,7318,42.39,5.0
376,376,7400,31.3,82.0
377,377,7465,28.43,65.0
378,378,7510,29.23,45.0
379,379,7515,28.78,5.0
380,380,7542,34.26,27.0
381,381,7570,31.67,28.0
382,382,7586,32.16,16.0
383,383,7606,35.68,20.0
384,384,7636,33.73,30.0
385,385,7662,35.05,26.0
386,386,7683,34.42,21.0
387,387,7691,36.65,8.0
388,388,7710,33.53,19.0
389,389,7727,35.15,17.0
390,390,7870,30.42,143.0
391,391,7880,30.68,10.0
392,392,7885,33.5,5.0
393,393,7894,32.88,9.0
394,394,7927,33.51,33.0
395,395,7979,37.61,52.0
396,396,7986,38.57,7.0
397,397,8020,44.41,34.0
398,398,8242,36.77,222.0
399,399,8258,37.16,16.0
400,400,8269,35.87,11.0
401,401,8286,36.07,17.0
402,402,8329,37.73,43.0
403,403,8344,39.47,15.0
404,404,8394,38.22,50.0
405,405,8408,40.69,14.0
406,406,8445,35.02,37.0
407,407,8470,33.2,25.0
408,408,8501,37.73,31.0
409,409,8548,39.23,47.0
410,410,8582,41.13,34.0
411,411,8618,36.18,36.0
412,412,8623,37.87,5.0
413,413,8669,34.82,46.0
414,414,8680,35.01,11.0
415,415,8690,34.79,10.0
416,416,8730,38.08,40.0
417,417,8743,39.22,13.0
418,418,8765,38.72,22.0
419,419,8819,44.7,54.0
420,420,8831,43.3,12.0
421,421,8890,44.61,59.0
422,422,8896,46.96,6.0
423,423,8927,39.34,31.0
424,424,8957,36.29,30.0
425,425,9028,39.33,71.0
426,426,9123,44.44,95.0
427,427,9166,43.62,43.0
428,428,9204,45.33,38.0
429,429,9246,39.96,42.0
430,430,9272,39.86,26.0
431,431,9359,41.94,87.0
432,432,9378,37.47,19.0
433,433,9489,46.98,111.0
434,434,9509,48.96,20.0
435,435,9552,42.27,43.0
436,436,9561,44.51,9.0
437,437,9584,39.52,23.0
438,438,9641,37.45,57.0
439,439,9645,37.54,4.0
440,440,9665,38.15,20.0
441,441,9697,37.01,32.0
442,442,9732,41.42,35.0
443,443,9743,43.67,11.0
444,444,9771,46.79,28.0
445,445,9784,47.64,13.0
446,446,9800,44.69,16.0
447,447,9891,40.35,91.0
448,448,9916,41.92,25.0
449,449,9940,44.38,24.0
450,450,9953,45.75,13.0
451,451,10021,47.8,68.0
452,452,10049,43.05,28.0
453,453,10063,41.6,14.0
454,454,10075,38.97,12.0
455,455,10107,43.19,32.0
456,456,10224,48.2,117.0
457,457,10276,46.98,52.0
458,458,10333,48.28,57.0
459,459,10338,46.73,5.0
460,460,10344,46.65,6.0
461,461,10353,47.25,9.0
462,462,10442,49.21,89.0
463,463,10522,48.02,80.0
464,464,10536,45.84,14.0
465,465,10552,45.85,16.0
466,466,10556,47.77,4.0
467,467,10571,53.68,15.0
468,468,10585,52.76,14.0
469,469,10600,50.79,15.0
470,470,10622,51.6,22.0
471,471,10657,48.72,35.0
472,472,10685,47.89,28.0
473,473,10688,50.13,3.0
474,474,10714,53.49,26.0
475,475,10722,53.74,8.0
476,476,10773,48.24,51.0
477,477,10775,49.17,2.0
478,478,10789,50.98,14.0
479,479,10812,55.69,23.0
480,480,10823,51.24,11.0
481,481,10913,49.56,90.0
482,482,10917,49.83,4.0
483,483,10931,50.4,14.0
484,484,10957,49.04,26.0
485,485,10976,50.17,19.0
486,486,11038,50.41,62.0
487,487,11047,52.02,9.0
488,488,11074,50.82,27.0
489,489,11134,50.03,60.0
490,490,11199,50.24,65.0
491,491,11228,54.57,29.0
492,492,11237,56.67,9.0
493,493,11254,55.9,17.0
494,494,11303,51.52,49.0
495,495,11330,50.35,27.0
496,496,11370,55.13,40.0
497,497,11398,56.94,28.0
498,498,11464,55.73,66.0
499,499,11518,56.35,54.0
500,500,11525,59.66,7.0
501,501,11534,61.52,9.0
502,502,11638,59.77,104.0
503,503,11735,61.3,97.0
504,504,11854,56.73,119.0
505,505,11921,73.65,67.0
506,506,11994,74.14,73.0
507,507,12006,73.1,12.0
508,508,12055,65.29,49.0
509,509,12081,61.44,26.0
510,510,12136,70.05,55.0
511,511,12193,62.99,57.0
512,512,12223,76.93,30.0
513,513,12277,62.43,54.0
514,514,12418,74.02,141.0
515,515,12487,88.13,69.0
516,516,12517,85.41,30.0
517,517,12524,89.53,7.0
518,518,12533,94.32,9.0
519,519,12553,88.56,20.0
520,520,12568,82.75,15.0
521,521,12606,82.68,38.0
522,522,12711,90.35,105.0
523,523,12757,110.67,46.0
524,524,12809,130.09,52.0
525,525,12845,127.27,36.0
526,526,12867,121.57,22.0
527,527,12872,118.69,5.0
528,528,12912,124.4,40.0
529,529,12972,125.97,60.0
530,530,12993,122.32,21.0
531,531,13030,113.49,37.0
532,532,13095,119.78,65.0
533,533,13131,118.39,36.0
534,534,13210,127.89,79.0
535,535,13252,128.89,42.0
536,536,13306,130.04,54.0
537,537,13354,127.02,48.0
538,538,13420,134.55,66.0
539,539,13537,139.65,117.0
540,540,13546,138.37,9.0
541,541,13556,136.4,10.0
542,542,13573,137.93,17.0
543,543,13700,156.87,127.0
544,544,13830,146.41,130.0
545,545,13847,147.59,17.0
546,546,13984,158.99,137.0
547,547,14023,153.41,39.0
548,548,14111,184.23,88.0
549,549,14135,189.14,24.0
550,550,14294,178.15,159.0
551,551,14401,211.74,107.0
552,552,14460,198.39,59.0
553,553,14499,204.99,39.0
554,554,14534,202.2,35.0
555,555,14614,224.73,80.0
556,556,14733,232.6,119.0
557,557,14737,235.24,4.0
558,558,14757,223.55,20.0
559,559,14971,200.06,214.0
560,560,14976,198.84,5.0
561,561,15006,210.49,30.0
562,562,15101,205.09,95.0
563,563,15219,241.85,118.0
564,564,15224,242.86,5.0
565,565,15288,227.42,64.0
566,566,15420,223.73,132.0
567,567,15455,240.84,35.0
568,568,15693,222.25,238.0
569,569,15707,232.39,14.0
570,570,15748,222.35,41.0
571,571,15865,214.23,117.0
572,572,15886,231.02,21.0
573,573,15922,226.59,36.0
574,574,16033,230.3,111.0
575,575,16053,222.63,20.0
576,576,16165,241.7,112.0
577,577,16191,237.2,26.0
578,578,16278,228.99,87.0
579,579,16461,228.16,183.0
580,580,16528,236.56,67.0
581,581,16708,239.53,180.0
582,582,16746,243.3,38.0
583,583,16814,236.4,68.0
584,584,16858,236.91,44.0
585,585,16972,237.44,114.0
586,586,17021,224.12,49.0
587,587,17165,231.97,144.0
588,588,17213,222.21,48.0
589,589,17343,232.41,130.0
590,590,17474,222.68,131.0
591,591,17619,240.79,145.0
592,592,17641,234.62,22.0
593,593,17727,220.55,86.0
594,594,17741,227.2,14.0
595,595,17990,227.93,249.0
596,596,18069,221.64,79.0
597,597,18176,229.01,107.0
598,598,18363,251.09,187.0
599,599,18489,240.75,126.0
600,600,18670,244.9,181.0
601,601,18679,252.42,9.0
602,602,18819,217.17,140.0
603,603,18963,224.67,144.0
604,604,19132,255.67,169.0
605,605,19261,242.68,129.0
606,606,19313,271.26,52.0
607,607,19481,228.49,168.0
608,608,19520,248.36,39.0
609,609,19620,227.72,100.0
610,610,19635,230.41,15.0
611,611,19663,243.58,28.0
612,612,19814,233.95,151.0
613,613,19959,239.94,145.0
614,614,20035,257.94,76.0
615,615,20078,251.42,43.0
616,616,20214,237.33,136.0
617,617,20321,262.11,107.0
618,618,20352,253.06,31.0
619,619,20555,249.15,203.0
620,620,20821,257.33,266.0
621,621,20949,268.13,128.0
622,622,21180,294.04,231.0
623,623,21304,258.15,124.0
624,624,21403,278.24,99.0
625,625,21557,251.4,154.0
626,626,21780,274.96,223.0
627,627,21810,272.7,30.0
628,628,21984,248.94,174.0
629,629,22222,269.17,238.0
630,630,22373,288.79,151.0
631,631,22613,263.23,240.0
632,632,22718,290.85,105.0
633,633,22756,285.91,38.0
634,634,22856,271.86,100.0
635,635,22881,260.97,25.0
636,636,22941,266.67,60.0
637,637,23234,274.43,293.0
638,638,23252,265.21,18.0
639,639,23328,289.58,76.0
640,640,23419,248.05,91.0
641,641,23453,269.82,34.0
642,642,23658,278.63,205.0
643,643,23867,281.45,209.0
644,644,24019,255.63,152.0
645,645,24274,260.02,255.0
646,646,24314,287.83,40.0
647,647,24343,284.14,29.0
648,648,24347,280.14,4.0
649,649,24396,297.25,49.0
650,650,24408,300.39,12.0
651,651,24628,270.17,220.0
652,652,24654,259.67,26.0
653,653,24667,269.35,13.0
654,654,24901,303.6,234.0
655,655,24973,278.04,72.0
656,656,25018,284.08,45.0
657,657,25076,275.59,58.0
658,658,25179,282.79,103.0
659,659,25248,278.81,69.0
660,660,25302,284.61,54.0
661,661,25367,295.73,65.0
662,662,25579,286.84,212.0
663,663,25714,285.72,135.0
664,664,25771,274.18,57.0
665,665,25827,290.45,56.0
666,666,25924,285.85,97.0
667,667,25963,264.32,39.0
668,668,26208,311.2,245.0
669,669,26339,285.3,131.0
670,670,26393,290.35,54.0
671,671,26427,279.02,34.0
672,672,26568,267.94,141.0
673,673,26738,281.22,170.0
674,674,26762,264.71,24.0
675,675,27128,272.98,366.0
676,676,27191,268.45,63.0
677,677,27207,275.32,16.0
678,678,27420,273.68,213.0
679,679,27432,285.85,12.0
680,680,27563,266.04,131.0
681,681,27632,283.46,69.0
682,682,27731,268.59,99.0
683,683,27842,244.35,111.0
684,684,27920,249.37,78.0
685,685,28031,262.02,111.0
686,686,28207,271.44,176.0
687,687,28257,264.4,50.0
688,688,28333,284.43,76.0
689,689,28366,258.85,33.0
690,690,28538,241.41,172.0
691,691,28571,260.71,33.0
692,692,28697,257.64,126.0
693,693,28706,272.45,9.0
694,694,28843,288.25,137.0
695,695,28852,275.64,9.0
696,696,29072,266.77,220.0
697,697,29161,270.63,89.0
698,698,29230,242.9,69.0
699,699,29393,250.47,163.0
700,700,29575,262.79,182.0
701,701,29809,270.85,234.0
702,702,29969,262.6,160.0
703,703,30055,246.02,86.0
704,704,30208,254.22,153.0
705,705,30278,233.53,70.0
706,706,30478,237.51,200.0
707,707,30599,270.0,121.0
708,708,30800,254.05,201.0
709,709,30893,255.18,93.0
710,710,31033,257.08,140.0
711,711,31162,246.39,129.0
712,712,31279,269.08,117.0
713,713,31575,248.36,296.0
714,714,31588,244.14,13.0
715,715,31692,239.79,104.0
716,716,31909,242.53,217.0
717,717,32085,242.22,176.0
718,718,32099,244.62,14.0
719,719,32118,249.93,19.0
720,720,32529,241.32,411.0
721,721,32732,254.83,203.0
722,722,32899,253.92,167.0
723,723,32903,253.44,4.0
724,724,33035,250.2,132.0
725,725,33296,254.42,261.0
726,726,33492,264.36,196.0
727,727,33560,240.33,68.0
728,728,33578,230.44,18.0
729,729,33693,254.79,115.0
730,730,33845,254.71,152.0
731,731,34098,248.54,253.0
732,732,34407,255.56,309.0
733,733,34622,229.45,215.0
734,734,34851,257.39,229.0
735,735,34884,266.94,33.0
736,736,35022,258.7,138.0
737,737,35344,244.61,322.0
738,738,35349,249.34,5.0
739,739,35804,249.52,455.0
740,740,35950,261.06,146.0
741,741,36197,235.81,247.0
742,742,36441,231.79,244.0
743,743,36645,256.64,204.0
744,744,36695,252.57,50.0
745,745,36727,239.84,32.0
746,746,36773,248.37,46.0
747,747,37010,245.93,237.0
748,748,37135,242.83,125.0
749,749,37203,236.83,68.0
750,750,37358,233.95,155.0
751,751,37360,234.95,2.0
752,752,37571,232.6,211.0
753,753,37788,238.62,217.0
754,754,37824,243.35,36.0
755,755,38069,230.76,245.0
756,756,38125,234.79,56.0
757,757,38201,254.45,76.0
758,758,38289,242.93,88.0
759,759,38341,237.36,52.0
760,760,38535,252.75,194.0
761,761,38620,247.64,85.0
762,762,38890,247.35,270.0
763,763,38915,252.69,25.0
764,764,39075,239.39,160.0
765,765,39321,234.49,246.0
766,766,39462,241.93,141.0
767,767,39797,234.33,335.0
768,768,40052,237.93,255.0
769,769,40074,244.18,22.0
770,770,40233,233.93,159.0
771,771,40394,260.05,161.0
772,772,40429,247.48,35.0
773,773,40527,231.15,98.0
774,774,40603,243.77,76.0
775,775,40740,241.27,137.0
776,776,40899,257.38,159.0
777,777,40914,259.54,15.0
778,778,41014,240.96,100.0
779,779,41310,230.87,296.0
780,780,41586,235.23,276.0
781,781,41721,239.03,135.0
782,782,41748,243.03,27.0
783,783,41984,233.66,236.0
784,784,42014,235.16,30.0
785,785,42033,238.75,19.0
786,786,42055,234.44,22.0
787,787,42244,222.95,189.0
788,788,42301,230.17,57.0
789,789,42306,226.25,5.0
790,790,42338,233.86,32.0
791,791,42534,237.58,196.0
792,792,42796,238.13,262.0
793,793,42956,252.13,160.0
794,794,42979,252.81,23.0
795,795,43158,258.8,179.0
796,796,43386,238.71,228.0
797,797,43661,222.24,275.0
798,798,43702,237.66,41.0
799,799,43740,247.92,38.0
800,800,43931,239.86,191.0
801,801,44145,230.64,214.0
802,802,44169,238.99,24.0
803,803,44300,246.01,131.0
804,804,44453,240.77,153.0
805,805,44777,244.42,324.0
806,806,44999,247.37,222.0
807,807,45482,228.98,483.0
808,808,45657,238.61,175.0
809,809,45962,244.8,305.0
810,810,46151,239.93,189.0
811,811,46171,241.67,20.0
812,812,46276,228.54,105.0
813,813,46527,238.97,251.0
814,814,46825,240.15,298.0
815,815,46966,242.37,141.0
816,816,47116,241.25,150.0
817,817,47149,243.5,33.0
818,818,47385,235.44,236.0
819,819,47603,233.56,218.0
820,820,47821,232.18,218.0
821,821,48005,240.2,184.0
822,822,48183,238.39,178.0
823,823,48386,234.26,203.0
824,824,48425,234.15,39.0
825,825,48727,257.24,302.0
826,826,48859,237.43,132.0
827,827,49105,248.64,246.0
828,828,49329,232.87,224.0
829,829,49540,221.47,211.0
830,830,49559,223.76,19.0
831,831,49714,243.3,155.0
832,832,49983,253.59,269.0
833,833,50160,234.38,177.0
834,834,50346,236.33,186.0
835,835,50475,237.16,129.0
836,836,50504,242.13,29.0
837,837,50621,234.41,117.0
838,838,50654,241.57,33.0
839,839,50828,242.38,174.0
840,840,51025,246.71,197.0
841,841,51138,233.21,113.0
842,842,51425,232.89,287.0
843,843,51431,230.48,6.0
844,844,51680,242.85,249.0
845,845,51765,249.97,85.0
846,846,51983,236.12,218.0
847,847,52293,242.3,310.0
848,848,52335,233.68,42.0
849,849,52358,238.12,23.0
850,850,52552,241.35,194.0
851,851,52712,239.14,160.0
852,852,52946,251.87,234.0
853,853,53074,231.6,128.0
854,854,53263,252.4,189.0
855,855,53288,257.69,25.0
856,856,53471,244.27,183.0
857,857,53692,255.8,221.0
858,858,53884,240.94,192.0
859,859,53957,238.05,73.0
860,860,54184,252.04,227.0
861,861,54300,257.08,116.0
862,862,54403,236.38,103.0
863,863,54589,261.82,186.0
864,864,54739,246.28,150.0
865,865,54779,249.58,40.0
866,866,54788,247.3,9.0
867,867,55034,239.56,246.0
868,868,55153,244.45,119.0
869,869,55282,238.3,129.0
870,870,55434,246.94,152.0
871,871,55517,259.66,83.0
872,872,55797,240.46,280.0
873,873,56031,244.63,234.0
874,874,56204,242.51,173.0
875,875,56518,239.94,314.0
876,876,56564,241.62,46.0
877,877,56742,241.32,178.0
878,878,56886,235.72,144.0
879,879,56929,243.68,43.0
880,880,57144,228.88,215.0
881,881,57333,247.92,189.0
882,882,57580,240.06,247.0
883,883,57778,261.14,198.0
884,884,57854,243.25,76.0
885,885,58080,235.37,226.0
886,886,58089,239.38,9.0
887,887,58217,240.83,128.0
888,888,58366,245.1,149.0
889,889,58520,245.24,154.0
890,890,58750,249.88,230.0
891,891,58978,237.1,228.0
892,892,59154,239.8,176.0
893,893,59401,231.32,247.0
894,894,59704,235.1,303.0
895,895,60008,228.85,304.0
896,896,60193,241.35,185.0
897,897,60530,239.03,337.0
898,898,60596,237.02,66.0
899,899,60789,246.97,193.0
900,900,60811,250.95,22.0
901,901,61049,233.57,238.0
902,902,61278,238.11,229.0
903,903,61498,238.21,220.0
904,904,61718,232.95,220.0
905,905,61948,242.64,230.0
906,906,62133,233.71,185.0
907,907,62355,252.29,222.0
908,908,62536,236.0,181.0
909,909,62837,245.11,301.0
910,910,63141,238.93,304.0
911,911,63198,245.06,57.0
912,912,63323,249.06,125.0
913,913,63642,246.89,319.0
914,914,63933,234.39,291.0
915,915,64051,237.26,118.0
916,916,64323,233.66,272.0
917,917,64581,236.82,258.0
918,918,64748,244.55,167.0
919,919,65000,244.58,252.0
920,920,65146,227.84,146.0
921,921,65281,236.46,135.0
922,922,65299,242.65,18.0
923,923,65315,240.01,16.0
924,924,65509,240.98,194.0
925,925,65707,230.76,198.0
926,926,65913,237.5,206.0
927,927,65950,251.42,37.0
928,928,65975,249.7,25.0
929,929,66136,234.09,161.0
930,930,66271,242.97,135.0
931,931,66447,253.35,176.0
932,932,66675,243.92,228.0
933,933,66923,252.41,248.0
934,934,67129,238.9,206.0
935,935,67375,240.79,246.0
936,936,67549,229.52,174.0
937,937,67811,235.67,262.0
938,938,68220,235.36,409.0
939,939,68448,246.44,228.0
940,940,68632,232.28,184.0
941,941,68857,236.62,225.0
942,942,68953,250.0,96.0
943,943,69186,244.45,233.0
944,944,69393,244.31,207.0
945,945,69616,239.27,223.0
946,946,69829,238.65,213.0
947,947,70044,235.49,215.0
948,948,70063,232.31,19.0
949,949,70336,240.71,273.0
950,950,70543,243.92,207.0
951,951,70873,236.71,330.0
952,952,70890,246.0,17.0
953,953,71099,235.52,209.0
954,954,71252,239.12,153.0
955,955,71473,240.38,221.0
956,956,71756,243.14,283.0
957,957,71833,232.79,77.0
958,958,72244,234.74,411.0
959,959,72467,227.21,223.0
960,960,72634,226.6,167.0
961,961,72824,239.83,190.0
962,962,73029,229.07,205.0
963,963,73377,233.69,348.0
964,964,73663,238.28,286.0
965,965,73869,235.6,206.0
966,966,74060,237.03,191.0
967,967,74253,229.33,193.0
968,968,74311,230.64,58.0
969,969,74315,231.99,4.0
970,970,74495,229.29,180.0
971,971,74742,238.71,247.0
972,972,74747,239.74,5.0
973,973,74972,233.84,225.0
974,974,74997,239.65,25.0
975,975,75251,224.91,254.0
976,976,75370,228.2,119.0
977,977,75709,238.72,339.0
978,978,75980,240.86,271.0
979,979,76245,234.38,265.0
980,980,76468,238.07,223.0
981,981,76553,228.07,85.0
982,982,76759,225.95,206.0
983,983,77223,235.09,464.0
984,984,77444,234.71,221.0
985,985,77625,237.02,181.0
986,986,77866,228.65,241.0
987,987,78102,233.18,236.0
988,988,78113,230.11,11.0
989,989,78323,227.55,210.0
990,990,78530,221.3,207.0
991,991,78810,235.17,280.0
992,992,78847,222.36,37.0
993,993,79134,229.08,287.0
994,994,79346,228.0,212.0
995,995,79664,226.35,318.0
996,996,79684,235.57,20.0
997,997,79940,230.26,256.0
998,998,80179,228.06,239.0
999,999,80247,228.83,68.0
1000,1000,80427,227.37,180.0
1001,1001,80641,230.77,214.0
1002,1002,80842,238.13,201.0
1003,1003,81048,226.22,206.0
1004,1004,81355,231.39,307.0
1005,1005,81513,229.93,158.0
1006,1006,81709,226.72,196.0
1007,1007,81750,224.54,41.0
1008,1008,81989,233.66,239.0
1009,1009,82236,232.16,247.0
1010,1010,82455,237.42,219.0
1011,1011,82629,222.29,174.0
1012,1012,82703,229.03,74.0
1013,1013,82900,238.06,197.0
1014,1014,83132,237.15,232.0
1015,1015,83333,227.87,201.0
1016,1016,83534,222.07,201.0
1017,1017,83847,223.52,313.0
1018,1018,83916,232.24,69.0
1019,1019,84102,225.72,186.0
1020,1020,84354,235.63,252.0
1021,1021,84409,227.42,55.0
1022,1022,84605,233.31,196.0
1023,1023,84756,232.64,151.0
1024,1024,84989,233.73,233.0
1025,1025,85161,226.51,172.0
1026,1026,85165,230.44,4.0
1027,1027,85401,228.04,236.0
1028,1028,85600,233.13,199.0
1029,1029,85798,223.34,198.0
1030,1030,85970,234.2,172.0
1031,1031,86187,232.29,217.0
1032,1032,86408,228.89,221.0
1033,1033,86571,224.75,163.0
1034,1034,86771,240.45,200.0
1035,1035,87028,230.74,257.0
1036,1036,87243,227.82,215.0
1037,1037,87249,229.29,6.0
1038,1038,87471,239.65,222.0
1039,1039,87800,236.62,329.0
1040,1040,87970,234.85,170.0
1041,1041,87973,233.65,3.0
1042,1042,88172,233.24,199.0
1043,1043,88349,230.23,177.0
1044,1044,88575,224.78,226.0
1045,1045,88852,223.71,277.0
1046,1046,89056,223.99,204.0
1047,1047,89275,219.64,219.0
1048,1048,89294,220.05,19.0
1049,1049,89559,227.23,265.0
1050,1050,89765,228.02,206.0
1051,1051,89956,232.73,191.0
1052,1052,90169,222.71,213.0
1053,1053,90428,219.35,259.0
1054,1054,90600,217.56,172.0
1055,1055,90798,232.04,198.0
1056,1056,90996,224.83,198.0
1057,1057,91253,216.35,257.0
1058,1058,91511,227.49,258.0
1059,1059,91740,228.31,229.0
1060,1060,91917,217.46,177.0
1061,1061,92178,221.47,261.0
1062,1062,92338,230.87,160.0
1063,1063,92562,221.08,224.0
1064,1064,92565,222.98,3.0
1065,1065,92681,229.16,116.0
1066,1066,92886,231.74,205.0
1067,1067,93092,235.81,206.0
1068,1068,93308,229.85,216.0
1069,1069,93497,216.08,189.0
1070,1070,93502,214.14,5.0
1071,1071,93711,234.2,209.0
1072,1072,93903,220.49,192.0
1073,1073,94141,221.81,238.0
1074,1074,94357,221.75,216.0
1075,1075,94636,220.83,279.0
1076,1076,94947,220.21,311.0
1077,1077,95143,223.73,196.0
1078,1078,95382,224.73,239.0
1079,1079,95603,224.54,221.0
1080,1080,95823,224.67,220.0
1081,1081,95879,212.85,56.0
1082,1082,96045,219.12,166.0
1083,1083,96324,221.84,279.0
1084,1084,96522,216.35,198.0
1085,1085,96681,227.7,159.0
1086,1086,96777,223.25,96.0
1087,1087,96830,214.5,53.0
1088,1088,97051,220.79,221.0
1089,1089,97302,220.65,251.0
1090,1090,97481,226.18,179.0
1091,1091,97742,222.2,261.0
1092,1092,97988,231.87,246.0
1093,1093,98223,218.35,235.0
1094,1094,98426,218.55,203.0
1095,1095,98630,211.84,204.0
1096,1096,98837,215.58,207.0
1097,1097,99021,222.91,184.0
1098,1098,99193,221.18,172.0
1099,1099,99476,221.78,283.0
1100,1100,99644,218.21,168.0
1101,1101,99859,229.95,215.0
1102,1102,100065,235.33,206.0
1103,1103,100296,219.43,231.0
1104,1104,100461,218.83,165.0
1105,1105,100671,231.86,210.0
1106,1106,100806,222.07,135.0
1107,1107,100984,225.56,178.0
1108,1108,101158,223.56,174.0
1109,1109,101358,219.07,200.0
1110,1110,101410,225.99,52.0
1111,1111,101554,225.13,144.0
1112,1112,101615,223.34,61.0
1113,1113,101765,226.5,150.0
1114,1114,102091,228.08,326.0
1115,1115,102269,231.92,178.0
1116,1116,102429,228.21,160.0
1117,1117,102615,230.57,186.0
1118,1118,102857,221.41,242.0
1119,1119,103029,228.65,172.0
1120,1120,103247,217.66,218.0
1121,1121,103451,222.62,204.0
1122,1122,103533,219.98,82.0
1123,1123,103665,228.06,132.0
1124,1124,103924,218.65,259.0
1125,1125,103942,217.94,18.0
1126,1126,104171,224.23,229.0
1127,1127,104407,223.32,236.0
1128,1128,104680,222.12,273.0
1129,1129,104926,222.78,246.0
1130,1130,105145,226.77,219.0
1131,1131,105326,224.47,181.0
1132,1132,105350,226.62,24.0
1133,1133,105592,221.06,242.0
1134,1134,105792,226.93,200.0
1135,1135,105819,226.85,27.0
1136,1136,106011,233.88,192.0
1137,1137,106247,221.56,236.0
1138,1138,106480,228.3,233.0
1139,1139,106645,232.97,165.0
1140,1140,106814,223.77,169.0
1141,1141,107022,231.07,208.0
1142,1142,107191,220.18,169.0
1143,1143,107421,217.63,230.0
1144,1144,107638,227.38,217.0
1145,1145,107835,224.24,197.0
1146,1146,108040,230.33,205.0
1147,1147,108261,220.32,221.0
1148,1148,108466,218.92,205.0
1149,1149,108714,222.82,248.0
1150,1150,109120,224.56,406.0
1151,1151,109312,223.11,192.0
1152,1152,109527,224.53,215.0
1153,1153,109680,227.01,153.0
1154,1154,109830,226.1,150.0
1155,1155,110039,230.71,209.0
1156,1156,110242,223.34,203.0
1157,1157,110441,227.37,199.0
1158,1158,110644,222.27,203.0
1159,1159,110917,222.86,273.0
1160,1160,111170,223.71,253.0
1161,1161,111447,222.91,277.0
1162,1162,111468,222.61,21.0
1163,1163,111711,226.55,243.0
1164,1164,111911,222.04,200.0
1165,1165,112189,221.98,278.0
1166,1166,112394,221.38,205.0
1167,1167,112644,221.85,250.0
1168,1168,112916,220.68,272.0
1169,1169,113133,221.8,217.0
1170,1170,113340,228.23,207.0
1171,1171,113578,223.38,238.0
1172,1172,113798,223.68,220.0
1173,1173,114028,217.71,230.0
1174,1174,114222,216.0,194.0
1175,1175,114447,219.31,225.0
1176,1176,114467,217.65,20.0
1177,1177,114622,220.88,155.0
1178,1178,114829,208.19,207.0
1179,1179,114836,210.78,7.0
1180,1180,115052,222.66,216.0
1181,1181,115282,220.52,230.0
1182,1182,115537,225.91,255.0
1183,1183,115780,215.72,243.0
1184,1184,116030,219.96,250.0
1185,1185,116195,217.1,165.0
1186,1186,116396,216.47,201.0
1187,1187,116624,218.57,228.0
1188,1188,117064,219.83,440.0
1189,1189,117258,220.13,194.0
1190,1190,117449,214.92,191.0
1191,1191,117822,224.71,373.0
1192,1192,118024,218.89,202.0
1193,1193,118265,225.41,241.0
1194,1194,118359,222.32,94.0
1195,1195,118605,225.91,246.0
1196,1196,118677,213.42,72.0
1197,1197,118950,217.66,273.0
1198,1198,119133,221.14,183.0
1199,1199,119358,214.91,225.0
1200,1200,119366,215.55,8.0
1201,1201,119549,211.78,183.0
1202,1202,119709,228.86,160.0
1203,1203,120050,217.87,341.0
1204,1204,120294,229.48,244.0
1205,1205,120534,223.42,240.0
1206,1206,120869,220.29,335.0
1207,1207,121048,215.39,179.0
1208,1208,121352,221.22,304.0
1209,1209,121517,222.37,165.0
1210,1210,121760,224.24,243.0
1211,1211,122091,219.16,331.0
1212,1212,122287,225.75,196.0
1213,1213,122483,227.71,196.0
1214,1214,122669,217.75,186.0
1215,1215,122841,222.92,172.0
1216,1216,123012,219.45,171.0
1217,1217,123195,219.53,183.0
1218,1218,123380,226.63,185.0
1219,1219,123594,217.7,214.0
1220,1220,123773,222.2,179.0
1221,1221,123980,227.63,207.0
1222,1222,124228,222.56,248.0
1223,1223,124232,225.67,4.0
1224,1224,124482,213.94,250.0
1225,1225,124637,217.99,155.0
1226,1226,124849,218.75,212.0
1227,1227,125073,220.7,224.0
1228,1228,125363,223.52,290.0
1229,1229,125552,214.17,189.0
1230,1230,125752,224.82,200.0
1231,1231,125967,221.46,215.0
1232,1232,126158,219.71,191.0
1233,1233,126390,224.69,232.0
1234,1234,126726,221.79,336.0
1235,1235,126955,217.99,229.0
1236,1236,127198,216.18,243.0
1237,1237,127450,217.71,252.0
1238,1238,127720,222.96,270.0
1239,1239,127956,213.75,236.0
1240,1240,128130,218.44,174.0
1241,1241,128324,219.49,194.0
1242,1242,128525,217.71,201.0
1243,1243,128696,217.36,171.0
1244,1244,128941,225.1,245.0
1245,1245,129212,222.99,271.0
1246,1246,129413,214.11,201.0
1247,1247,129557,227.07,144.0
1248,1248,129740,214.16,183.0
1249,1249,129955,224.45,215.0
1250,1250,130113,218.04,158.0
1251,1251,130273,220.83,160.0
1252,1252,130513,219.96,240.0
1253,1253,130528,218.32,15.0
1254,1254,130743,214.05,215.0
1255,1255,131048,219.24,305.0
1256,1256,131226,226.36,178.0
1257,1257,131402,222.88,176.0
1258,1258,131579,221.39,177.0
1259,1259,131810,222.94,231.0
1260,1260,132048,224.97,238.0
1261,1261,132280,218.3,232.0
1262,1262,132445,213.54,165.0
1263,1263,132673,228.12,228.0
1264,1264,132678,226.34,5.0
1265,1265,132684,225.04,6.0
1266,1266,132960,217.32,276.0
1267,1267,133094,224.16,134.0
1268,1268,133309,218.96,215.0
1269,1269,133523,220.69,214.0
1270,1270,133730,215.83,207.0
1271,1271,133883,221.95,153.0
1272,1272,134184,212.39,301.0
1273,1273,134349,213.0,165.0
1274,1274,134541,223.53,192.0
1275,1275,134776,227.04,235.0
1276,1276,135069,223.55,293.0
1277,1277,135316,217.2,247.0
1278,1278,135500,224.19,184.0
1279,1279,135754,213.5,254.0
1280,1280,135950,214.76,196.0
1281,1281,136214,212.98,264.0
1282,1282,136414,215.46,200.0
1283,1283,136607,216.89,193.0
1284,1284,136782,220.69,175.0
1285,1285,137004,212.91,222.0
1286,1286,137206,218.51,202.0
1287,1287,137626,221.14,420.0
1288,1288,137861,215.67,235.0
1289,1289,138048,210.84,187.0
1290,1290,138308,213.41,260.0
1291,1291,138472,217.05,164.0
1292,1292,138604,215.11,132.0
1293,1293,138642,214.23,38.0
1294,1294,138842,216.76,200.0
1295,1295,139062,220.16,220.0
1296,1296,139206,220.06,144.0
1297,1297,139380,214.3,174.0
1298,1298,139582,215.8,202.0
1299,1299,139751,213.32,169.0
1300,1300,140122,211.01,371.0
1301,1301,140379,213.71,257.0
1302,1302,140595,219.75,216.0
1303,1303,140617,214.91,22.0
1304,1304,140821,218.62,204.0
1305,1305,141039,216.41,218.0
1306,1306,141217,218.91,178.0
1307,1307,141450,210.73,233.0
1308,1308,141718,209.44,268.0
1309,1309,141935,213.74,217.0
1310,1310,142171,217.96,236.0
1311,1311,142387,219.0,216.0
1312,1312,142610,220.36,223.0
1313,1313,142883,217.1,273.0
1314,1314,143115,217.08,232.0
1315,1315,143118,216.62,3.0
1316,1316,143135,215.39,17.0
1317,1317,143303,214.88,168.0
1318,1318,143498,213.23,195.0
1319,1319,143683,213.48,185.0
1320,1320,143893,215.84,210.0
1321,1321,144197,215.39,304.0
1322,1322,144369,214.62,172.0
1323,1323,144809,214.07,440.0
1324,1324,144833,214.02,24.0
1325,1325,145021,207.95,188.0
1326,1326,145483,214.46,462.0
1327,1327,145696,210.91,213.0
1328,1328,145943,214.77,247.0
1329,1329,146113,213.31,170.0
1330,1330,146324,215.55,211.0
1331,1331,146489,210.49,165.0
1332,1332,146801,218.19,312.0
1333,1333,146984,214.25,183.0
1334,1334,147216,214.64,232.0
1335,1335,147430,218.07,214.0
1336,1336,147665,212.62,235.0
1337,1337,147917,211.62,252.0
1338,1338,148135,212.19,218.0
1339,1339,148362,220.59,227.0
1340,1340,148608,211.53,246.0
1341,1341,148813,224.91,205.0
1342,1342,149119,209.04,306.0
1343,1343,149379,214.66,260.0
1344,1344,149638,210.05,259.0
1345,1345,149825,211.09,187.0
1346,1346,150050,206.57,225.0
1347,1347,150314,213.33,264.0
1348,1348,150518,209.65,204.0
1349,1349,150772,215.05,254.0
1350,1350,151093,208.59,321.0
1351,1351,151330,216.3,237.0
1352,1352,151590,216.54,260.0
1353,1353,151829,211.31,239.0
1354,1354,151999,208.18,170.0
1355,1355,152219,206.93,220.0
1356,1356,152459,215.95,240.0
1357,1357,152647,203.0,188.0
1358,1358,152665,208.38,18.0
1359,1359,152843,210.93,178.0
1360,1360,153046,208.86,203.0
1361,1361,153341,217.09,295.0
1362,1362,153556,216.89,215.0
1363,1363,153725,213.88,169.0
1364,1364,153901,209.39,176.0
1365,1365,154085,209.65,184.0
1366,1366,154259,208.81,174.0
1367,1367,154517,216.72,258.0
1368,1368,154738,210.71,221.0
1369,1369,154955,206.57,217.0
1370,1370,155201,214.66,246.0
1371,1371,155396,208.97,195.0
1372,1372,155670,209.68,274.0
1373,1373,155896,204.57,226.0
1374,1374,155986,211.52,90.0
1375,1375,156247,207.35,261.0
1376,1376,156495,211.45,248.0
1377,1377,156743,208.09,248.0
1378,1378,156960,207.05,217.0
1379,1379,157220,209.72,260.0
1380,1380,157395,200.07,175.0
1381,1381,157660,209.32,265.0
1382,1382,157831,211.55,171.0
1383,1383,158057,204.72,226.0
1384,1384,158260,203.97,203.0
1385,1385,158429,207.25,169.0
1386,1386,158581,210.41,152.0
1387,1387,158691,210.97,110.0
1388,1388,158915,213.42,224.0
1389,1389,159178,206.09,263.0
1390,1390,159395,209.88,217.0
1391,1391,159650,207.56,255.0
1392,1392,159804,207.13,154.0
1393,1393,160149,208.07,345.0
1394,1394,160354,208.93,205.0
1395,1395,160571,203.4,217.0
1396,1396,160790,208.91,219.0
1397,1397,161026,209.14,236.0
1398,1398,161236,208.03,210.0
1399,1399,161402,206.4,166.0
1400,1400,161615,212.43,213.0
1401,1401,161828,207.82,213.0
1402,1402,162062,213.54,234.0
1403,1403,162218,212.76,156.0
1404,1404,162415,213.39,197.0
1405,1405,162623,209.86,208.0
1406,1406,162790,208.68,167.0
1407,1407,162961,211.25,171.0
1408,1408,163178,210.51,217.0
1409,1409,163368,206.67,190.0
1410,1410,163541,211.56,173.0
1411,1411,163817,212.25,276.0
1412,1412,164049,205.82,232.0
1413,1413,164292,209.05,243.0
1414,1414,164475,203.95,183.0
1415,1415,164677,204.34,202.0
1416,1416,164939,207.97,262.0
1417,1417,165188,212.74,249.0
1418,1418,165405,209.64,217.0
1419,1419,165607,205.22,202.0
1420,1420,165841,213.49,234.0
1421,1421,166085,209.7,244.0
1422,1422,166268,208.56,183.0
1423,1423,166445,217.82,177.0
1424,1424,166672,219.19,227.0
1425,1425,166799,211.11,127.0
1426,1426,166974,216.83,175.0
1427,1427,167181,204.01,207.0
1428,1428,167445,215.65,264.0
1429,1429,167636,209.19,191.0
1430,1430,167800,213.4,164.0
1431,1431,168023,208.14,223.0
1432,1432,168232,207.47,209.0
1433,1433,168401,213.29,169.0
1434,1434,168614,203.84,213.0
1435,1435,168793,209.92,179.0
1436,1436,169021,208.58,228.0
1437,1437,169194,208.3,173.0
1438,1438,169355,207.66,161.0
1439,1439,169551,210.15,196.0
1440,1440,169731,209.61,180.0
1441,1441,169928,214.13,197.0
1442,1442,170244,205.58,316.0
1443,1443,170491,211.38,247.0
1444,1444,170632,209.0,141.0
1445,1445,170780,209.0,148.0
1446,1446,171021,206.92,241.0
1447,1447,171206,203.69,185.0
1448,1448,171417,208.37,211.0
1449,1449,171603,205.56,186.0
1450,1450,171791,207.56,188.0
1451,1451,172036,208.89,245.0
1452,1452,172208,210.17,172.0
1453,1453,172418,205.59,210.0
1454,1454,172620,212.46,202.0
1455,1455,172968,210.43,348.0
1456,1456,173116,208.43,148.0
1457,1457,173309,211.44,193.0
1458,1458,173467,213.27,158.0
1459,1459,173716,208.38,249.0
1460,1460,173901,206.36,185.0
1461,1461,174070,207.18,169.0
1462,1462,174264,204.18,194.0
1463,1463,174489,212.11,225.0
1464,1464,174711,208.32,222.0
1465,1465,174879,201.07,168.0
1466,1466,174917,204.12,38.0
1467,1467,175113,209.15,196.0
1468,1468,175323,203.82,210.0
1469,1469,175500,210.17,177.0
1470,1470,175683,204.51,183.0
1471,1471,175923,215.81,240.0
1472,1472,176132,207.99,209.0
1473,1473,176341,211.64,209.0
1474,1474,176588,199.08,247.0
1475,1475,176821,207.74,233.0
1476,1476,177023,206.17,202.0
1477,1477,177336,206.94,313.0
1478,1478,177586,205.87,250.0
1479,1479,177759,209.34,173.0
1480,1480,177991,204.31,232.0
1481,1481,178169,213.1,178.0
1482,1482,178474,211.79,305.0
1483,1483,178695,207.19,221.0
1484,1484,178958,208.95,263.0
1485,1485,179132,203.5,174.0
1486,1486,179414,208.62,282.0
1487,1487,179688,205.44,274.0
1488,1488,179791,211.18,103.0
1489,1489,179978,207.54,187.0
1490,1490,180226,213.6,248.0
1491,1491,180454,212.02,228.0
1492,1492,180656,215.59,202.0
1493,1493,180872,209.09,216.0
1494,1494,181113,211.1,241.0
1495,1495,181341,211.47,228.0
1496,1496,181607,212.35,266.0
1497,1497,181996,212.22,389.0
1498,1498,182293,205.65,297.0
1499,1499,182358,207.42,65.0
1500,1500,182583,210.84,225.0
1501,1501,182748,202.04,165.0
1502,1502,182913,204.08,165.0
1503,1503,183103,214.7,190.0
1504,1504,183263,211.65,160.0
1505,1505,183469,210.12,206.0
1506,1506,183809,210.15,340.0
1507,1507,184040,206.01,231.0
1508,1508,184275,213.21,235.0
1509,1509,184550,209.28,275.0
1510,1510,184771,212.62,221.0
1511,1511,184984,218.13,213.0
1512,1512,185321,208.26,337.0
1513,1513,185479,211.28,158.0
1514,1514,185720,212.1,241.0
1515,1515,185975,215.26,255.0
1516,1516,186180,208.54,205.0
1517,1517,186337,212.65,157.0
1518,1518,186569,214.91,232.0
1519,1519,186779,215.21,210.0
1520,1520,187040,210.29,261.0
1521,1521,187261,209.57,221.0
1522,1522,187441,210.15,180.0
1523,1523,187609,208.3,168.0
1524,1524,187840,207.52,231.0
1525,1525,188050,215.73,210.0
1526,1526,188279,216.01,229.0
1527,1527,188537,209.84,258.0
1528,1528,188798,205.92,261.0
1529,1529,189106,216.28,308.0
1530,1530,189257,213.94,151.0
1531,1531,189503,221.25,246.0
1532,1532,189761,216.01,258.0
1533,1533,189951,213.29,190.0
1534,1534,190177,213.7,226.0
1535,1535,190398,219.3,221.0
1536,1536,190593,215.85,195.0
1537,1537,190764,213.28,171.0
1538,1538,190947,218.29,183.0
1539,1539,191103,214.53,156.0
1540,1540,191288,217.79,185.0
1541,1541,191429,216.8,141.0
1542,1542,191674,215.43,245.0
1543,1543,191842,216.02,168.0
1544,1544,192089,218.67,247.0
1545,1545,192308,220.27,219.0
1546,1546,192504,210.54,196.0
1547,1547,192697,211.93,193.0
1548,1548,192892,218.8,195.0
1549,1549,193102,223.44,210.0
1550,1550,193297,222.66,195.0
1551,1551,193474,217.0,177.0
1552,1552,193684,214.34,210.0
1553,1553,194184,211.67,500.0
1554,1554,194362,212.72,178.0
1555,1555,194645,202.3,283.0
1556,1556,194852,220.04,207.0
1557,1557,195089,214.09,237.0
1558,1558,195410,216.22,321.0
1559,1559,195642,214.45,232.0
1560,1560,195828,217.8,186.0
1561,1561,195982,216.55,154.0
1562,1562,196187,209.94,205.0
1563,1563,196389,216.36,202.0
1564,1564,196641,215.35,252.0
1565,1565,196875,217.14,234.0
1566,1566,197086,209.77,211.0
1567,1567,197296,217.11,210.0
1568,1568,197659,222.5,363.0
1569,1569,197870,222.0,211.0
1570,1570,198060,226.86,190.0
1571,1571,198299,222.76,239.0
1572,1572,198481,222.71,182.0
1573,1573,198674,215.29,193.0
1574,1574,198861,212.35,187.0
1575,1575,199140,227.68,279.0
1576,1576,199371,216.21,231.0
1577,1577,199548,213.14,177.0
1578,1578,199747,217.57,199.0
1579,1579,199963,218.22,216.0
1580,1580,200038,212.81,75.0
1581,1581,200301,213.57,263.0
1582,1582,200479,220.76,178.0
1583,1583,200736,212.19,257.0
1584,1584,200929,217.82,193.0
1585,1585,201092,211.8,163.0
1586,1586,201330,218.27,238.0
1587,1587,201520,214.6,190.0
1588,1588,202020,214.05,500.0
1589,1589,202233,215.86,213.0
1590,1590,202416,214.01,183.0
1591,1591,202637,221.88,221.0
1592,1592,202810,219.31,173.0
1593,1593,203054,215.81,244.0
1594,1594,203214,219.28,160.0
1595,1595,203412,217.35,198.0
1596,1596,203778,215.65,366.0
1597,1597,204095,217.68,317.0
1598,1598,204431,226.26,336.0
1599,1599,204632,216.2,201.0
1600,1600,204856,223.62,224.0
1601,1601,205018,223.58,162.0
1602,1602,205176,216.86,158.0
1603,1603,205388,222.08,212.0
1604,1604,205613,221.12,225.0
1605,1605,205841,222.05,228.0
1606,1606,206013,222.74,172.0
1607,1607,206297,227.95,284.0
1608,1608,206516,218.13,219.0
1609,1609,206748,226.85,232.0
1610,1610,207029,213.65,281.0
1611,1611,207214,224.86,185.0
1612,1612,207431,219.5,217.0
1613,1613,207628,221.13,197.0
1614,1614,208007,219.99,379.0
1615,1615,208314,223.16,307.0
1616,1616,208535,225.44,221.0
1617,1617,208783,219.36,248.0
1618,1618,209025,215.66,242.0
1619,1619,209243,218.07,218.0
1620,1620,209449,241.73,206.0
1621,1621,209666,211.63,217.0
1622,1622,209875,215.02,209.0
1623,1623,210129,217.55,254.0
1624,1624,210358,213.54,229.0
1625,1625,210625,224.65,267.0
1626,1626,210837,229.95,212.0
1627,1627,211177,215.48,340.0
1628,1628,211371,218.77,194.0
1629,1629,211543,214.74,172.0
1630,1630,211736,218.58,193.0
1631,1631,211918,215.11,182.0
1632,1632,212176,219.89,258.0
1633,1633,212407,220.84,231.0
1634,1634,212647,220.36,240.0
1635,1635,212831,222.75,184.0
1636,1636,213029,210.97,198.0
1637,1637,213242,222.88,213.0
1638,1638,213412,217.51,170.0
1639,1639,213593,226.64,181.0
1640,1640,213787,213.17,194.0
1641,1641,213960,216.68,173.0
1642,1642,214206,219.33,246.0
1643,1643,214424,221.12,218.0
1644,1644,214825,219.69,401.0
1645,1645,215019,221.25,194.0
1646,1646,215255,219.7,236.0
1647,1647,215519,213.98,264.0
1648,1648,215783,224.06,264.0
1649,1649,216031,230.09,248.0
1650,1650,216252,225.39,221.0
1651,1651,216612,226.05,360.0
1652,1652,216770,230.49,158.0
1653,1653,217105,230.59,335.0
1654,1654,217353,217.25,248.0
1655,1655,217588,221.51,235.0
1656,1656,217832,215.63,244.0
1657,1657,218057,221.39,225.0
1658,1658,218236,218.65,179.0
1659,1659,218458,218.85,222.0
1660,1660,218620,223.02,162.0
1661,1661,218842,221.33,222.0
1662,1662,218989,224.65,147.0
1663,1663,219079,225.22,90.0
1664,1664,219292,226.1,213.0
1665,1665,219536,222.06,244.0
1666,1666,219743,218.2,207.0
1667,1667,219927,217.85,184.0
1668,1668,220156,222.04,229.0
1669,1669,220406,223.42,250.0
1670,1670,220574,228.84,168.0
1671,1671,221074,219.28,500.0
1672,1672,221291,222.92,217.0
1673,1673,221637,222.43,346.0
1674,1674,221833,215.81,196.0
1675,1675,222001,228.8,168.0
1676,1676,222230,230.92,229.0
1677,1677,222438,231.19,208.0
1678,1678,222641,227.5,203.0
1679,1679,222882,233.25,241.0
1680,1680,223203,225.63,321.0
1681,1681,223421,220.96,218.0
1682,1682,223648,230.8,227.0
1683,1683,223849,226.95,201.0
1684,1684,224090,209.81,241.0
1685,1685,224253,233.48,163.0
1686,1686,224532,225.15,279.0
1687,1687,224811,242.88,279.0
1688,1688,225103,231.06,292.0
1689,1689,225321,235.74,218.0
1690,1690,225567,223.72,246.0
1691,1691,225786,231.79,219.0
1692,1692,226006,227.1,220.0
1693,1693,226188,228.32,182.0
1694,1694,226461,233.62,273.0
1695,1695,226708,230.66,247.0
1696,1696,226975,233.52,267.0
1697,1697,227294,235.66,319.0
1698,1698,227489,228.59,195.0
1699,1699,227717,227.21,228.0
1700,1700,227893,227.97,176.0
1701,1701,228126,225.02,233.0
1702,1702,228356,237.83,230.0
1703,1703,228571,243.97,215.0
1704,1704,228847,230.75,276.0
1705,1705,229053,239.14,206.0
1706,1706,229431,236.69,378.0
1707,1707,229710,242.46,279.0
1708,1708,229904,231.73,194.0
1709,1709,230171,236.55,267.0
1710,1710,230369,220.6,198.0
1711,1711,230604,238.26,235.0
1712,1712,230907,229.11,303.0
1713,1713,231129,232.85,222.0
1714,1714,231380,236.54,251.0
1715,1715,231581,229.25,201.0
1716,1716,231779,243.3,198.0
1717,1717,232107,235.45,328.0
1718,1718,232474,236.4,367.0
1719,1719,232743,237.66,269.0
1720,1720,232974,243.79,231.0
1721,1721,233203,232.61,229.0
1722,1722,233420,245.49,217.0
1723,1723,233738,242.36,318.0
1724,1724,234003,234.92,265.0
1725,1725,234377,235.09,374.0
1726,1726,234676,224.12,299.0
1727,1727,234890,251.62,214.0
1728,1728,235154,241.02,264.0
1729,1729,235386,240.18,232.0
1730,1730,235640,241.28,254.0
1731,1731,235880,239.69,240.0
1732,1732,236094,234.17,214.0
1733,1733,236343,237.68,249.0
1734,1734,236545,232.61,202.0
1735,1735,236744,230.0,199.0
1736,1736,237032,237.2,288.0
1737,1737,237300,243.08,268.0
1738,1738,237556,231.17,256.0
1739,1739,237769,242.04,213.0
1740,1740,238007,244.12,238.0
1741,1741,238271,231.99,264.0
1742,1742,238488,235.21,217.0
1743,1743,238716,249.28,228.0
1744,1744,238926,231.78,210.0
1745,1745,239206,247.3,280.0
1746,1746,239540,236.05,334.0
1747,1747,239780,247.66,240.0
1748,1748,239984,228.69,204.0
1749,1749,240210,232.1,226.0
1750,1750,240443,243.85,233.0
1751,1751,240650,232.92,207.0
1752,1752,240836,233.14,186.0
1753,1753,241009,234.82,173.0
1754,1754,241290,233.63,281.0
1755,1755,241649,229.16,359.0
1756,1756,241883,239.44,234.0
1757,1757,242126,234.56,243.0
1758,1758,242382,238.1,256.0
1759,1759,242669,230.42,287.0
1760,1760,242970,233.23,301.0
1761,1761,243245,231.81,275.0
1762,1762,243469,232.83,224.0
1763,1763,243969,239.95,500.0
1764,1764,244189,235.03,220.0
1765,1765,244459,231.17,270.0
1766,1766,244770,232.79,311.0
1767,1767,245038,239.39,268.0
1768,1768,245279,237.04,241.0
1769,1769,245501,240.27,222.0
1770,1770,245795,227.99,294.0
1771,1771,246020,250.26,225.0
1772,1772,246298,243.35,278.0
1773,1773,246609,238.24,311.0
1774,1774,246798,227.85,189.0
1775,1775,247045,236.48,247.0
1776,1776,247254,233.05,209.0
1777,1777,247522,239.2,268.0
1778,1778,247815,251.13,293.0
1779,1779,248041,239.79,226.0
1780,1780,248228,237.38,187.0
1781,1781,248449,229.31,221.0
1782,1782,248672,230.56,223.0
1783,1783,248922,230.68,250.0
1784,1784,249170,232.2,248.0
1785,1785,249395,236.67,225.0
1786,1786,249646,231.25,251.0
1787,1787,249955,241.47,309.0
1788,1788,250340,226.61,385.0
1789,1789,250540,233.42,200.0
1790,1790,250720,241.79,180.0
1791,1791,250921,231.84,201.0
1792,1792,251234,236.25,313.0
1793,1793,251487,233.83,253.0
1794,1794,251737,237.3,250.0
1795,1795,252028,234.35,291.0
1796,1796,252266,227.74,238.0
1797,1797,252500,225.21,234.0
1798,1798,252715,240.13,215.0
1799,1799,252969,241.75,254.0
1800,1800,253235,235.7,266.0
1801,1801,253523,231.48,288.0
1802,1802,253785,239.4,262.0
1803,1803,254019,240.03,234.0
1804,1804,254202,237.81,183.0
1805,1805,254442,233.32,240.0
1806,1806,254653,234.3,211.0
1807,1807,254908,235.7,255.0
1808,1808,255156,241.14,248.0
1809,1809,255357,231.39,201.0
1810,1810,255650,250.1,293.0
1811,1811,255890,233.14,240.0
1812,1812,256075,234.43,185.0
1813,1813,256496,240.99,421.0
1814,1814,256697,234.77,201.0
1815,1815,256956,235.03,259.0
1816,1816,257253,233.62,297.0
1817,1817,257441,239.27,188.0
1818,1818,257686,232.28,245.0
1819,1819,257916,239.91,230.0
1820,1820,258182,237.64,266.0
1821,1821,258465,234.21,283.0
1822,1822,258659,238.24,194.0
1823,1823,258885,251.68,226.0
1824,1824,259116,223.72,231.0
1825,1825,259359,238.4,243.0
1826,1826,259545,239.55,186.0
1827,1827,259824,237.07,279.0
1828,1828,260100,232.17,276.0
1829,1829,260309,234.55,209.0
1830,1830,260563,238.98,254.0
1831,1831,260982,240.1,419.0
1832,1832,261254,252.55,272.0
1833,1833,261465,235.93,211.0
1834,1834,261688,225.06,223.0
1835,1835,261964,238.63,276.0
1836,1836,262201,241.92,237.0
1837,1837,262409,227.89,208.0
1838,1838,262664,240.79,255.0
1839,1839,262925,238.74,261.0
1840,1840,263154,234.99,229.0
1841,1841,263420,245.71,266.0
1842,1842,263662,235.54,242.0
1843,1843,263860,244.05,198.0
1844,1844,264107,250.48,247.0
1845,1845,264318,239.57,211.0
1846,1846,264584,244.7,266.0
1847,1847,264780,241.16,196.0
1848,1848,265059,250.5,279.0
1849,1849,265352,243.2,293.0
1850,1850,265703,234.61,351.0
1851,1851,265909,237.86,206.0
1852,1852,266114,244.03,205.0
1853,1853,266317,240.59,203.0
1854,1854,266530,245.16,213.0
1855,1855,266779,235.48,249.0
1856,1856,267004,236.48,225.0
1857,1857,267254,248.16,250.0
1858,1858,267524,237.83,270.0
1859,1859,267755,241.31,231.0
1860,1860,267996,246.7,241.0
1861,1861,268216,242.21,220.0
1862,1862,268556,244.74,340.0
1863,1863,268775,236.87,219.0
1864,1864,269082,242.84,307.0
1865,1865,269278,239.19,196.0
1866,1866,269568,245.52,290.0
1867,1867,269832,246.24,264.0
1868,1868,270085,232.72,253.0
1869,1869,270332,241.65,247.0
1870,1870,270534,241.04,202.0
1871,1871,270792,237.08,258.0
1872,1872,271094,243.38,302.0
1873,1873,271358,237.2,264.0
1874,1874,271695,242.8,337.0
1875,1875,271896,246.17,201.0
1876,1876,272118,244.1,222.0
1877,1877,272344,257.1,226.0
1878,1878,272528,251.58,184.0
1879,1879,272771,257.82,243.0
1880,1880,273029,244.46,258.0
1881,1881,273248,235.15,219.0
1882,1882,273509,250.29,261.0
1883,1883,273772,241.73,263.0
1884,1884,274035,247.44,263.0
1885,1885,274268,248.87,233.0
1886,1886,274555,241.61,287.0
1887,1887,274871,249.46,316.0
1888,1888,275122,238.55,251.0
1889,1889,275328,248.15,206.0
1890,1890,275558,231.84,230.0
1891,1891,275806,244.52,248.0
1892,1892,276082,240.48,276.0
1893,1893,276409,247.35,327.0
1894,1894,276636,248.98,227.0
1895,1895,276824,243.0,188.0
1896,1896,277063,256.9,239.0
1897,1897,277303,258.78,240.0
1898,1898,277565,235.28,262.0
1899,1899,277914,243.4,349.0
1900,1900,278248,244.78,334.0
1901,1901,278470,236.92,222.0
1902,1902,278703,243.19,233.0
1903,1903,279006,242.46,303.0
1904,1904,279315,246.17,309.0
1905,1905,279491,252.49,176.0
1906,1906,279750,251.44,259.0
1907,1907,280045,254.55,295.0
1908,1908,280275,251.29,230.0
1909,1909,280478,228.76,203.0
1910,1910,280662,237.83,184.0
1911,1911,280953,253.94,291.0
1912,1912,281207,236.68,254.0
1913,1913,281421,249.39,214.0
1914,1914,281727,243.57,306.0
1915,1915,281990,230.65,263.0
1916,1916,282209,237.29,219.0
1917,1917,282441,240.83,232.0
1918,1918,282740,253.43,299.0
1919,1919,282941,240.72,201.0
1920,1920,283165,243.56,224.0
1921,1921,283448,244.1,283.0
1922,1922,283769,240.84,321.0
1923,1923,284030,237.6,261.0
1924,1924,284267,242.87,237.0
1925,1925,284515,242.34,248.0
1926,1926,284787,237.45,272.0
1927,1927,285044,247.27,257.0
1928,1928,285246,247.9,202.0
1929,1929,285508,248.79,262.0
1930,1930,285795,231.11,287.0
1931,1931,286015,247.01,220.0
1932,1932,286265,234.2,250.0
1933,1933,286568,244.31,303.0
1934,1934,286755,250.77,187.0
1935,1935,286938,248.94,183.0
1936,1936,287160,254.57,222.0
1937,1937,287423,244.64,263.0
1938,1938,287628,250.27,205.0
1939,1939,287892,241.05,264.0
1940,1940,288065,248.98,173.0
1941,1941,288272,243.48,207.0
1942,1942,288468,235.43,196.0
1943,1943,288702,243.81,234.0
1944,1944,289048,238.54,346.0
1945,1945,289278,247.92,230.0
1946,1946,289566,250.71,288.0
1947,1947,289588,254.28,22.0
1948,1948,289832,242.37,244.0
1949,1949,290015,245.02,183.0
1950,1950,290314,245.38,299.0
1951,1951,290527,252.66,213.0
1952,1952,290741,245.95,214.0
1953,1953,290942,238.5,201.0
1954,1954,291230,240.39,288.0
1955,1955,291501,243.18,271.0
1956,1956,291708,256.24,207.0
1957,1957,291966,249.57,258.0
1958,1958,292215,259.69,249.0
1959,1959,292392,245.68,177.0
1960,1960,292595,252.21,203.0
1961,1961,292817,255.15,222.0
1962,1962,293075,248.96,258.0
1963,1963,293312,242.66,237.0
1964,1964,293557,247.13,245.0
1965,1965,293761,240.31,204.0
1966,1966,293992,265.69,231.0
1967,1967,294181,259.28,189.0
1968,1968,294522,263.36,341.0
1969,1969,294844,252.67,322.0
1970,1970,295184,257.1,340.0
1971,1971,295627,262.68,443.0
1972,1972,295866,245.6,239.0
1973,1973,296173,262.21,307.0
1974,1974,296305,248.21,132.0
1975,1975,296537,254.91,232.0
1976,1976,296793,246.16,256.0
1977,1977,297069,263.75,276.0
1978,1978,297302,256.8,233.0
1979,1979,297590,258.36,288.0
1980,1980,297856,264.47,266.0
1981,1981,298063,260.14,207.0
1982,1982,298343,251.99,280.0
1983,1983,298615,256.42,272.0
1984,1984,298877,248.76,262.0
1985,1985,299088,274.52,211.0
1986,1986,299370,258.12,282.0
1987,1987,299604,263.01,234.0
1988,1988,299813,261.56,209.0
1989,1989,300130,261.8,317.0
1990,1990,300433,262.43,303.0
1991,1991,300677,273.49,244.0
1992,1992,300945,274.93,268.0
1993,1993,301226,275.13,281.0
1994,1994,301488,280.34,262.0
1995,1995,301637,265.55,149.0
1996,1996,302001,289.96,364.0
1997,1997,302333,259.38,332.0
1998,1998,302586,264.35,253.0
1999,1999,302787,267.23,201.0
2000,2000,303071,288.06,284.0
2001,2001,303345,255.3,274.0
2002,2002,303619,259.69,274.0
2003,2003,303899,263.21,280.0
2004,2004,304248,248.76,349.0
2005,2005,304471,271.14,223.0
2006,2006,304729,260.65,258.0
2007,2007,305034,301.17,305.0
2008,2008,305302,293.38,268.0
2009,2009,305475,278.76,173.0
2010,2010,305859,283.48,384.0
2011,2011,306154,299.29,295.0
2012,2012,306438,260.13,284.0
2013,2013,306732,278.34,294.0
2014,2014,307011,290.75,279.0
2015,2015,307216,281.22,205.0
2016,2016,307456,276.43,240.0
2017,2017,307687,281.36,231.0
2018,2018,308012,258.81,325.0
2019,2019,308295,256.76,283.0
2020,2020,308548,289.15,253.0
2021,2021,308930,276.75,382.0
2022,2022,309150,267.68,220.0
2023,2023,309508,283.06,358.0
2024,2024,309760,280.06,252.0
2025,2025,310117,285.09,357.0
2026,2026,310399,254.77,282.0
2027,2027,310684,261.23,285.0
2028,2028,310994,294.19,310.0
2029,2029,311332,269.42,338.0
2030,2030,311596,275.0,264.0
2031,2031,311873,270.36,277.0
2032,2032,312188,266.71,315.0
2033,2033,312491,291.43,303.0
2034,2034,312787,292.99,296.0
2035,2035,313024,283.09,237.0
2036,2036,313267,281.48,243.0
2037,2037,313469,292.28,202.0
2038,2038,313728,290.49,259.0
2039,2039,313965,269.87,237.0
2040,2040,314202,289.51,237.0
2041,2041,314528,294.12,326.0
2042,2042,314825,276.04,297.0
2043,2043,315155,279.23,330.0
2044,2044,315400,332.45,245.0
2045,2045,315610,296.08,210.0
2046,2046,315951,324.41,341.0
2047,2047,316157,292.73,206.0
2048,2048,316469,309.73,312.0
2049,2049,316778,314.98,309.0
2050,2050,317091,292.13,313.0
2051,2051,317388,368.24,297.0
2052,2052,317724,303.32,336.0
2053,2053,317982,317.84,258.0
2054,2054,318255,290.94,273.0
2055,2055,318534,306.64,279.0
2056,2056,318915,293.11,381.0
2057,2057,319228,292.81,313.0
2058,2058,319543,295.81,315.0
2059,2059,319831,327.37,288.0
2060,2060,320149,316.65,318.0
2061,2061,320442,347.02,293.0
2062,2062,320676,421.86,234.0
2063,2063,320880,299.77,204.0
2064,2064,321139,281.0,259.0
2065,2065,321482,278.88,343.0
2066,2066,321769,269.75,287.0
2067,2067,322052,298.19,283.0
2068,2068,322361,315.79,309.0
2069,2069,322638,305.29,277.0
2070,2070,322927,318.02,289.0
2071,2071,323211,329.73,284.0
2072,2072,323494,309.79,283.0
2073,2073,323762,332.82,268.0
2074,2074,323979,322.09,217.0
2075,2075,324308,306.35,329.0
2076,2076,324596,293.77,288.0
2077,2077,324940,299.68,344.0
2078,2078,325225,321.85,285.0
2079,2079,325529,282.85,304.0
2080,2080,325796,280.7,267.0
2081,2081,326028,328.38,232.0
2082,2082,326344,287.26,316.0
2083,2083,326614,304.15,270.0
2084,2084,326948,372.48,334.0
2085,2085,327297,328.32,349.0
2086,2086,327518,271.26,221.0
2087,2087,327817,311.19,299.0
2088,2088,328147,338.36,330.0
2089,2089,328473,354.24,326.0
2090,2090,328804,299.38,331.0
2091,2091,329051,289.44,247.0
2092,2092,329383,498.39,332.0
2093,2093,329708,305.13,325.0
2094,2094,330050,366.59,342.0
2095,2095,330333,311.61,283.0
2096,2096,330655,315.51,322.0
2097,2097,330938,333.34,283.0
2098,2098,331244,343.7,306.0
2099,2099,331534,354.47,290.0
2100,2100,331884,314.65,350.0
2101,2101,332227,359.52,343.0
2102,2102,332544,329.05,317.0
2103,2103,332930,329.61,386.0
2104,2104,333236,297.17,306.0
2105,2105,333487,433.46,251.0
2106,2106,333838,342.31,351.0
2107,2107,334046,336.83,208.0
2108,2108,334309,357.38,263.0
2109,2109,334625,360.28,316.0
2110,2110,334966,355.3,341.0
2111,2111,335329,447.12,363.0
2112,2112,335671,311.05,342.0
2113,2113,335938,347.25,267.0
2114,2114,336246,355.47,308.0
2115,2115,336613,400.87,367.0
2116,2116,336949,364.24,336.0
2117,2117,337316,381.16,367.0
2118,2118,337588,391.77,272.0
2119,2119,337887,321.93,299.0
2120,2120,338251,302.84,364.0
2121,2121,338614,391.24,363.0
2122,2122,338973,356.76,359.0
2123,2123,339344,412.14,371.0
2124,2124,339590,310.06,246.0
2125,2125,339987,312.48,397.0
2126,2126,340259,345.05,272.0
2127,2127,340620,499.98,361.0
2128,2128,340915,359.6,295.0
2129,2129,341115,376.19,200.0
2130,2130,341474,344.9,359.0
2131,2131,341776,346.18,302.0
2132,2132,342094,336.84,318.0
2133,2133,342442,289.85,348.0
2134,2134,342746,349.14,304.0
2135,2135,342955,376.49,209.0
2136,2136,343297,439.18,342.0
2137,2137,343604,500.0,307.0
2138,2138,343905,360.83,301.0
2139,2139,344216,394.39,311.0
2140,2140,344536,427.62,320.0
2141,2141,345007,362.11,471.0
2142,2142,345377,342.38,370.0
2143,2143,345812,418.09,435.0
2144,2144,346139,454.11,327.0
2145,2145,346639,437.35,500.0
2146,2146,347097,404.27,458.0
2147,2147,347420,497.06,323.0
2148,2148,347800,499.96,380.0
2149,2149,348246,500.0,446.0
2150,2150,348616,462.48,370.0
2151,2151,349084,499.47,468.0
2152,2152,349584,499.78,500.0
2153,2153,350084,500.0,500.0
2154,2154,350584,499.6,500.0
2155,2155,351044,500.0,460.0
2156,2156,351464,500.0,420.0
2157,2157,351819,483.41,355.0
2158,2158,352308,489.58,489.0
2159,2159,352808,500.0,500.0
2160,2160,353308,500.0,500.0
2161,2161,353808,500.0,500.0
2162,2162,354308,500.0,500.0
2163,2163,354808,500.0,500.0
